candidate	0.380318	0.111802	0.0007552545	0.197420	0.072658	0.099384	0.630538
noncandidate	0.264506	0.085500	0.0028712912	0.252094	0.061857	0.077035	0.609015
candidate	0.486018	0.145958	0.0006871255	0.166344	0.055530	0.074067	0.704058
noncandidate	0.203251	0.064773	0.0012094450	0.266185	0.050104	0.059535	0.624176
candidate	0.438839	0.130599	0.0008398852	0.177601	0.046088	0.058048	0.718262
noncandidate	0.354435	0.116164	0.0041469996	0.226874	0.070282	0.092047	0.610797
candidate	0.428408	0.126911	0.0008532928	0.180644	0.049937	0.063742	0.705677
noncandidate	0.249464	0.080255	0.0011609517	0.251510	0.039934	0.046275	0.662281
candidate	0.465667	0.139254	0.0007121956	0.173601	0.066587	0.092119	0.667693
noncandidate	0.232063	0.074418	0.0011825890	0.255997	0.038333	0.044073	0.661596
candidate	0.411000	0.121967	0.0008800242	0.185472	0.045989	0.057393	0.711145
noncandidate	0.210941	0.067157	0.0011048007	0.265016	0.057961	0.070638	0.606385
candidate	0.395437	0.117541	0.0006730931	0.192934	0.060292	0.079132	0.667642
noncandidate	0.304341	0.098533	0.0011365904	0.237141	0.049545	0.059896	0.653418
candidate	0.466710	0.139123	0.0007614247	0.172674	0.065956	0.091142	0.670227
noncandidate	0.324436	0.105172	0.0010983831	0.230553	0.048040	0.058051	0.663355
candidate	0.407578	0.120509	0.0006486068	0.190531	0.074662	0.103897	0.630909
noncandidate	0.224549	0.072007	0.0011877434	0.258620	0.039274	0.045238	0.656868
candidate	0.431921	0.127341	0.0008025852	0.178588	0.048897	0.062284	0.710232
noncandidate	0.314852	0.102382	0.0011193363	0.237100	0.062424	0.078858	0.621618
candidate	0.348184	0.101523	0.0009620175	0.199501	0.038756	0.046284	0.715459
noncandidate	0.342423	0.112140	0.0010811869	0.229619	0.062801	0.079976	0.627604
candidate	0.489010	0.146520	0.0006866357	0.167274	0.070260	0.099753	0.662714
noncandidate	0.349580	0.113337	0.0010580686	0.225792	0.066965	0.086823	0.620420
candidate	0.461323	0.137213	0.0008063478	0.171428	0.050127	0.064785	0.713660
noncandidate	0.328461	0.107046	0.0011065653	0.233357	0.063824	0.081278	0.621541
candidate	0.433379	0.128479	0.0007004984	0.178873	0.047719	0.060449	0.712958
noncandidate	0.354263	0.116044	0.0033617208	0.225467	0.061930	0.078940	0.633662
candidate	0.421599	0.124661	0.0012181285	0.183136	0.054370	0.070510	0.691984
noncandidate	0.290498	0.094393	0.0011581530	0.243566	0.054984	0.067396	0.634055
candidate	0.322674	0.094795	0.0007428654	0.213386	0.065268	0.085229	0.636117
noncandidate	0.287894	0.093547	0.0011611281	0.243699	0.051255	0.062034	0.643012
candidate	0.374105	0.109878	0.0008238374	0.195372	0.050078	0.062913	0.691637
noncandidate	0.302432	0.098029	0.0011349555	0.237534	0.047060	0.056383	0.659023
candidate	0.381902	0.112950	0.0029053822	0.193921	0.048252	0.060258	0.697569
noncandidate	0.234673	0.074877	0.0012258703	0.256934	0.052823	0.063683	0.626560
candidate	0.335750	0.097979	0.0009224451	0.203567	0.039994	0.047851	0.708588
noncandidate	0.295675	0.096047	0.0010972210	0.240547	0.048588	0.058402	0.652463
candidate	0.372547	0.110070	0.0022389157	0.197285	0.052171	0.065967	0.684576
noncandidate	0.331500	0.107698	0.0010193537	0.229643	0.052815	0.064961	0.652582
candidate	0.362488	0.105817	0.0008937763	0.198019	0.051962	0.065597	0.684423
noncandidate	0.310754	0.100766	0.0011219749	0.238719	0.067538	0.086643	0.607100
candidate	0.404870	0.120187	0.0025648404	0.187115	0.044950	0.055747	0.712188
noncandidate	0.293478	0.094814	0.0010753647	0.237705	0.037489	0.043401	0.681406
candidate	0.361094	0.105465	0.0008275933	0.198025	0.049216	0.061447	0.691312
noncandidate	0.325112	0.105153	0.0011018798	0.230079	0.049289	0.059848	0.660784
candidate	0.472311	0.141789	0.0007273364	0.174200	0.080975	0.118543	0.626282
noncandidate	0.282876	0.091217	0.0040583595	0.244372	0.056133	0.069026	0.630469
candidate	0.439380	0.130743	0.0007869595	0.176211	0.039630	0.048542	0.735617
noncandidate	0.292734	0.094977	0.0011557890	0.242652	0.055875	0.068741	0.632731
candidate	0.360723	0.105114	0.0008190481	0.197210	0.046587	0.057593	0.698610
noncandidate	0.343988	0.112209	0.0028593124	0.229653	0.071558	0.093848	0.604941
candidate	0.244837	0.070062	0.0010762797	0.223200	0.027234	0.030558	0.719008
noncandidate	0.298875	0.096593	0.0032859120	0.237008	0.042351	0.049919	0.670721
candidate	0.362954	0.106085	0.0007206874	0.202701	0.080471	0.112375	0.604454
noncandidate	0.275144	0.089570	0.0046033563	0.246476	0.042775	0.050198	0.660551
candidate	0.452397	0.134666	0.0008331090	0.175345	0.056604	0.074876	0.693175
noncandidate	0.329320	0.106365	0.0010924919	0.229730	0.056304	0.070103	0.643863
candidate	0.234673	0.066907	0.0009728008	0.231359	0.056504	0.070304	0.641833
noncandidate	0.307256	0.099815	0.0027179328	0.237459	0.052335	0.063869	0.646337
candidate	0.373810	0.109578	0.0008745990	0.193544	0.041787	0.050809	0.713859
noncandidate	0.255317	0.081610	0.0011968602	0.250852	0.053529	0.064951	0.630668
candidate	0.370197	0.108693	0.0008818977	0.195283	0.043699	0.053477	0.707541
noncandidate	0.287976	0.092741	0.0030638924	0.244704	0.068510	0.087686	0.599100
candidate	0.252448	0.072218	0.0010629893	0.222918	0.036109	0.041958	0.699014
noncandidate	0.267251	0.085951	0.0031488788	0.248448	0.053781	0.065422	0.632349
candidate	0.395774	0.117105	0.0007496151	0.191736	0.058646	0.076583	0.673035
noncandidate	0.351815	0.114723	0.0010664271	0.223470	0.051268	0.063030	0.662231
candidate	0.383115	0.113030	0.0008192972	0.195951	0.064333	0.085451	0.654265
noncandidate	0.290267	0.093787	0.0011518852	0.242381	0.055264	0.067864	0.634490
candidate	0.386051	0.114089	0.0007645373	0.195781	0.066864	0.089695	0.647661
noncandidate	0.225171	0.071928	0.0011838020	0.260465	0.053766	0.064865	0.620904
candidate	0.422106	0.124385	0.0008581594	0.181408	0.048713	0.061794	0.708085
noncandidate	0.321684	0.104026	0.0011080690	0.234747	0.068921	0.089152	0.607180
candidate	0.429035	0.127227	0.0007919292	0.182373	0.060322	0.080272	0.677033
noncandidate	0.280022	0.090695	0.0010328243	0.245658	0.052009	0.063020	0.639312
candidate	0.351518	0.102367	0.0008792576	0.201997	0.058765	0.075861	0.663376
noncandidate	0.288849	0.093073	0.0011576641	0.241614	0.052166	0.063429	0.642792
candidate	0.381327	0.112179	0.0008041816	0.194390	0.054997	0.070556	0.680057
noncandidate	0.326512	0.106356	0.0011189325	0.229960	0.043159	0.051259	0.675622
candidate	0.434230	0.128795	0.0008026172	0.180934	0.060901	0.081398	0.676766
noncandidate	0.304692	0.099047	0.0035922703	0.237635	0.048394	0.058250	0.655722
candidate	0.366057	0.106805	0.0009164927	0.196606	0.050508	0.063483	0.689403
noncandidate	0.316207	0.102480	0.0011159841	0.236089	0.063465	0.080525	0.619921
candidate	0.422942	0.125466	0.0007631275	0.188330	0.088175	0.129324	0.594172
noncandidate	0.338278	0.110718	0.0010869287	0.230629	0.061459	0.077836	0.630076
candidate	0.382981	0.112878	0.0008205803	0.192309	0.044337	0.054559	0.708794
noncandidate	0.268744	0.086459	0.0027612307	0.243992	0.034156	0.038937	0.682915
candidate	0.339911	0.098999	0.0007952104	0.206569	0.065428	0.086149	0.641854
noncandidate	0.321971	0.104422	0.0011036873	0.233221	0.057226	0.071268	0.638285
candidate	0.437553	0.130134	0.0007074285	0.180182	0.059652	0.079399	0.680766
noncandidate	0.265175	0.084582	0.0011774558	0.248887	0.062645	0.078411	0.610057
candidate	0.385376	0.113848	0.0008169395	0.192866	0.048878	0.061265	0.696991
noncandidate	0.258605	0.083059	0.0011947987	0.251362	0.055681	0.068016	0.624941
candidate	0.403323	0.118605	0.0007933110	0.189515	0.065780	0.088607	0.656098
noncandidate	0.300510	0.097506	0.0011446624	0.242891	0.071312	0.092243	0.593554
candidate	0.444971	0.132146	0.0007157218	0.181482	0.086015	0.126665	0.605838
noncandidate	0.274315	0.087936	0.0011732433	0.245800	0.055627	0.068216	0.630357
candidate	0.402860	0.118548	0.0008734325	0.184331	0.035252	0.041993	0.738424
noncandidate	0.272260	0.087853	0.0011802717	0.249261	0.062236	0.077775	0.610728
candidate	0.354841	0.104009	0.0007944289	0.204241	0.070891	0.095488	0.629379
noncandidate	0.365770	0.120561	0.0010552593	0.220407	0.047525	0.057773	0.674295
candidate	0.447121	0.133238	0.0007096500	0.180327	0.077991	0.111678	0.630004
noncandidate	0.304186	0.098844	0.0010147257	0.236142	0.040344	0.047237	0.676278
candidate	0.338133	0.097848	0.0009616816	0.201383	0.040733	0.048971	0.708914
noncandidate	0.280113	0.090190	0.0011689963	0.244842	0.055064	0.067448	0.632646
candidate	0.320149	0.092839	0.0009839682	0.203629	0.024847	0.027878	0.743646
noncandidate	0.215726	0.068826	0.0049043411	0.263873	0.058008	0.070759	0.607361
candidate	0.317974	0.091666	0.0009392134	0.209502	0.056563	0.071834	0.662101
noncandidate	0.329811	0.107025	0.0011131072	0.231838	0.063137	0.080329	0.624696
candidate	0.369374	0.108253	0.0008863385	0.199869	0.070866	0.095981	0.633285
noncandidate	0.335754	0.108843	0.0010854550	0.230813	0.069836	0.090960	0.608391
candidate	0.442813	0.131047	0.0008292866	0.179453	0.070725	0.098583	0.651240
noncandidate	0.276614	0.089101	0.0045670923	0.248545	0.069585	0.089062	0.592808
candidate	0.383666	0.112332	0.0008559604	0.188447	0.032094	0.037560	0.741899
noncandidate	0.295918	0.094868	0.0011383989	0.240323	0.063832	0.080785	0.615060
candidate	0.464779	0.138162	0.0008036225	0.173242	0.068889	0.096271	0.661598
noncandidate	0.319258	0.102984	0.0011012467	0.234252	0.064687	0.082548	0.618513
candidate	0.454626	0.135217	0.0008180764	0.176991	0.072784	0.102692	0.647533
noncandidate	0.280584	0.090617	0.0011715452	0.243335	0.044673	0.052874	0.659118
candidate	0.404409	0.119253	0.0008374454	0.186577	0.047392	0.059430	0.706602
noncandidate	0.349705	0.114750	0.0030979053	0.223848	0.043116	0.051421	0.681615
candidate	0.405150	0.119510	0.0007498590	0.190412	0.071643	0.098584	0.639361
noncandidate	0.321523	0.104322	0.0011147428	0.234226	0.061395	0.077486	0.626893
candidate	0.386092	0.113077	0.0008611868	0.190093	0.043611	0.053616	0.712680
noncandidate	0.357644	0.116149	0.0010584058	0.223084	0.064568	0.083255	0.629093
candidate	0.441850	0.131311	0.0006891283	0.179689	0.065681	0.089682	0.664948
noncandidate	0.278578	0.089864	0.0011733238	0.246196	0.057250	0.070562	0.625992
candidate	0.392130	0.115238	0.0008494446	0.190450	0.051977	0.066162	0.691410
noncandidate	0.277283	0.089435	0.0011773083	0.245606	0.052135	0.063202	0.639056
candidate	0.387898	0.114424	0.0007957752	0.196998	0.080945	0.114155	0.607902
noncandidate	0.255618	0.082063	0.0012056064	0.248752	0.038701	0.044722	0.667826
candidate	0.393285	0.114945	0.0008937694	0.189011	0.051363	0.065320	0.694306
noncandidate	0.303309	0.098296	0.0011390584	0.239808	0.060636	0.075967	0.623588
candidate	0.439366	0.130862	0.0007966637	0.179485	0.057177	0.075390	0.687949
noncandidate	0.351732	0.114719	0.0030696214	0.224914	0.059150	0.074705	0.641231
candidate	0.346301	0.100764	0.0008570236	0.204016	0.062525	0.081685	0.651774
noncandidate	0.259060	0.083321	0.0034597575	0.251136	0.053941	0.065526	0.629397
candidate	0.368025	0.107805	0.0008661979	0.198776	0.062118	0.081527	0.657579
noncandidate	0.247783	0.079637	0.0011499270	0.249707	0.030469	0.034187	0.685638
candidate	0.403431	0.119681	0.0006916415	0.190163	0.060290	0.079402	0.670145
noncandidate	0.345618	0.112287	0.0010684471	0.227116	0.064457	0.082748	0.625679
candidate	0.396634	0.117779	0.0007910270	0.186869	0.030770	0.035837	0.746524
noncandidate	0.245623	0.079201	0.0010734671	0.254630	0.046192	0.054572	0.644606
candidate	0.403215	0.119073	0.0007870504	0.190003	0.063896	0.085379	0.660722
noncandidate	0.336264	0.109602	0.0028906610	0.230471	0.062359	0.079231	0.627939
candidate	0.407608	0.119899	0.0008738921	0.184554	0.043965	0.054439	0.717042
noncandidate	0.301807	0.097855	0.0030248062	0.237546	0.046016	0.054930	0.661508
candidate	0.383783	0.112725	0.0008510280	0.192342	0.049190	0.061769	0.696700
noncandidate	0.239701	0.076400	0.0012208085	0.255062	0.052864	0.063820	0.628255
candidate	0.401198	0.117843	0.0006906137	0.191401	0.075494	0.105246	0.627858
noncandidate	0.227568	0.072504	0.0032883453	0.258302	0.050321	0.060124	0.631254
candidate	0.330273	0.096387	0.0008162275	0.206751	0.048019	0.059171	0.686059
noncandidate	0.329719	0.107170	0.0011043429	0.233825	0.072435	0.094865	0.598875
candidate	0.315769	0.091922	0.0007633252	0.212805	0.060647	0.077930	0.648618
noncandidate	0.258222	0.083187	0.0012040989	0.250185	0.045522	0.053805	0.650489
candidate	0.364080	0.107353	0.0007850774	0.198112	0.044835	0.054981	0.702072
noncandidate	0.289751	0.092637	0.0011460374	0.239279	0.050926	0.061764	0.648031
candidate	0.414070	0.122544	0.0007801944	0.185009	0.051253	0.065451	0.698287
noncandidate	0.236282	0.075251	0.0012232369	0.258564	0.066574	0.083713	0.591149
candidate	0.380888	0.111579	0.0008518766	0.190922	0.039729	0.047997	0.721351
noncandidate	0.321164	0.104412	0.0011105764	0.236333	0.070233	0.091099	0.602336
candidate	0.410700	0.121098	0.0007748775	0.187613	0.064771	0.087128	0.660487
noncandidate	0.261411	0.083880	0.0011969485	0.251284	0.061299	0.076251	0.611166
candidate	0.480027	0.144135	0.0006588300	0.169698	0.065577	0.090910	0.673814
noncandidate	0.269281	0.086695	0.0011885107	0.247542	0.050961	0.061452	0.640044
candidate	0.469858	0.141156	0.0005251126	0.175506	0.084557	0.125186	0.614751
noncandidate	0.260375	0.084027	0.0011384550	0.248569	0.039202	0.045385	0.666845
candidate	0.388825	0.114965	0.0007096051	0.195514	0.069993	0.095041	0.639451
noncandidate	0.197997	0.062731	0.0010819020	0.264370	0.040639	0.046886	0.648106
candidate	0.410630	0.120153	0.0008669467	0.186393	0.065449	0.088426	0.659732
noncandidate	0.326198	0.106600	0.0034996167	0.233314	0.056648	0.070401	0.639636
candidate	0.407835	0.119374	0.0008686350	0.184195	0.047106	0.059153	0.709546
noncandidate	0.310561	0.100914	0.0011295174	0.237270	0.056524	0.069989	0.636217
candidate	0.389311	0.115321	0.0007724671	0.192661	0.051566	0.065368	0.690405
noncandidate	0.308690	0.100372	0.0032464258	0.238105	0.057334	0.071140	0.633421
candidate	0.358245	0.105157	0.0007573837	0.203606	0.071620	0.096801	0.627974
noncandidate	0.225052	0.071553	0.0011689284	0.259787	0.056089	0.068199	0.615925
candidate	0.466399	0.138803	0.0008021141	0.172217	0.064035	0.087839	0.675909
noncandidate	0.268199	0.086095	0.0011847761	0.246819	0.049036	0.058778	0.645367
candidate	0.386351	0.114059	0.0009165351	0.190931	0.040796	0.049513	0.718761
noncandidate	0.294123	0.095458	0.0010986617	0.240628	0.047474	0.056840	0.655059
candidate	0.358059	0.105351	0.0007310597	0.204766	0.075877	0.103973	0.615384
noncandidate	0.345137	0.112890	0.0028620806	0.227322	0.056889	0.071126	0.644662
candidate	0.380262	0.111669	0.0008656478	0.191179	0.037823	0.045307	0.725691
noncandidate	0.312561	0.102183	0.0027142376	0.237855	0.056054	0.069263	0.636828
candidate	0.388725	0.114533	0.0006973246	0.195737	0.075576	0.104732	0.623955
noncandidate	0.314062	0.101865	0.0011252406	0.235224	0.053965	0.066345	0.644466
candidate	0.500114	0.149645	0.0007501333	0.161016	0.052666	0.069892	0.716426
noncandidate	0.346910	0.112885	0.0010665227	0.227099	0.064855	0.083374	0.624671
candidate	0.302800	0.087855	0.0009621664	0.209598	0.028408	0.032258	0.729736
noncandidate	0.296741	0.095795	0.0011413026	0.241262	0.061701	0.077479	0.619558
candidate	0.426119	0.126681	0.0006013714	0.190646	0.112612	0.177978	0.518764
noncandidate	0.362060	0.118564	0.0025230262	0.222102	0.057572	0.072495	0.647830
candidate	0.428863	0.127130	0.0008482240	0.179542	0.043952	0.054712	0.721794
noncandidate	0.315610	0.102832	0.0010709225	0.234687	0.048575	0.058629	0.658109
candidate	0.464190	0.138478	0.0007639993	0.174357	0.071361	0.100549	0.653733
noncandidate	0.402191	0.133238	0.0009433286	0.211527	0.059845	0.076776	0.651851
candidate	0.390846	0.115128	0.0007697676	0.194302	0.070533	0.096126	0.639038
noncandidate	0.263935	0.084758	0.0031584023	0.250623	0.061496	0.076585	0.611295
