candidate	0.586995	0.154060	0.0025173151	0.121437	0.076775	0.125162	0.676626
noncandidate	0.266355	0.084656	0.0011759933	0.248096	0.065030	0.082074	0.604800
candidate	0.441025	0.115050	0.0023175442	0.155024	0.040365	0.050874	0.753737
noncandidate	0.391856	0.129418	0.0051368672	0.213302	0.055168	0.069436	0.662095
candidate	0.376293	0.097012	0.0028081959	0.167877	0.028681	0.033581	0.769860
noncandidate	0.234861	0.075025	0.0035484763	0.258171	0.058426	0.071648	0.611755
candidate	0.437643	0.114352	0.0007440648	0.154861	0.033089	0.040159	0.771891
noncandidate	0.180771	0.057033	0.0037523782	0.273447	0.064130	0.079169	0.583253
candidate	0.486777	0.130072	0.0031848184	0.143915	0.028314	0.033884	0.793887
noncandidate	0.269145	0.086612	0.0011828156	0.246978	0.048455	0.057961	0.646606
candidate	0.445128	0.116187	0.0023018495	0.150151	0.020862	0.023760	0.805228
noncandidate	0.237031	0.076583	0.0057248335	0.255590	0.035981	0.041046	0.667383
candidate	0.416976	0.109391	0.0018472496	0.160166	0.029404	0.034803	0.775627
noncandidate	0.349690	0.112659	0.0010599461	0.226572	0.080332	0.108783	0.584313
candidate	0.397070	0.102377	0.0008037133	0.163594	0.033770	0.040741	0.761896
noncandidate	0.192128	0.061076	0.0037284381	0.271914	0.064854	0.080322	0.582910
candidate	0.474424	0.122092	0.0007161701	0.144950	0.043683	0.056848	0.754519
noncandidate	0.204255	0.065349	0.0011439117	0.262954	0.032085	0.036000	0.668961
candidate	0.515246	0.136818	0.0022590577	0.135839	0.030244	0.036977	0.796941
noncandidate	0.362558	0.118381	0.0009051729	0.218735	0.043758	0.052512	0.684995
candidate	0.541501	0.144191	0.0006058433	0.128215	0.025190	0.030139	0.816456
noncandidate	0.270099	0.086954	0.0034114568	0.250636	0.069580	0.088892	0.590892
candidate	0.462292	0.122230	0.0005981581	0.146839	0.017917	0.020103	0.815140
noncandidate	0.273721	0.087511	0.0011711791	0.243694	0.047140	0.056258	0.652907
candidate	0.586953	0.156403	0.0021572571	0.120352	0.052253	0.074937	0.752458
noncandidate	0.280010	0.090125	0.0011654466	0.245174	0.057082	0.070371	0.627374
candidate	0.535223	0.141107	0.0014798822	0.133513	0.053996	0.075832	0.736659
noncandidate	0.272986	0.087566	0.0011721164	0.242831	0.038168	0.044167	0.674834
candidate	0.515965	0.135955	0.0006426540	0.131968	0.017095	0.019309	0.831628
noncandidate	0.262184	0.084549	0.0046634647	0.247785	0.039607	0.045938	0.666669
candidate	0.561272	0.149040	0.0005860152	0.123067	0.027712	0.033953	0.815268
noncandidate	0.335830	0.108846	0.0010310575	0.230108	0.066124	0.085122	0.618647
candidate	0.544342	0.144955	0.0025794950	0.130554	0.043182	0.057465	0.768798
noncandidate	0.348560	0.112358	0.0010917734	0.225840	0.072629	0.095977	0.605554
candidate	0.486849	0.129170	0.0022820760	0.140991	0.018925	0.021465	0.818620
noncandidate	0.330372	0.106750	0.0034388230	0.229753	0.058359	0.073182	0.638707
candidate	0.514816	0.136642	0.0006491435	0.135325	0.026997	0.032383	0.805295
noncandidate	0.373579	0.122255	0.0035977369	0.221354	0.077518	0.104642	0.596486
candidate	0.498719	0.131372	0.0005867735	0.136661	0.017845	0.020175	0.825319
noncandidate	0.374527	0.121859	0.0009798213	0.219150	0.072150	0.095894	0.612806
candidate	0.468518	0.122888	0.0018626775	0.146717	0.030531	0.036884	0.785869
noncandidate	0.181904	0.057568	0.0013057554	0.271755	0.052717	0.062944	0.612584
candidate	0.420829	0.109924	0.0007644502	0.156259	0.019066	0.021393	0.803282
noncandidate	0.255891	0.082798	0.0010740914	0.250537	0.038645	0.044606	0.666212
candidate	0.571604	0.154773	0.0033028608	0.122198	0.026589	0.032374	0.818839
noncandidate	0.236758	0.076350	0.0009470224	0.256074	0.039363	0.045414	0.659148
candidate	0.563772	0.150388	0.0005851024	0.124149	0.034356	0.043864	0.797631
noncandidate	0.247431	0.079980	0.0031625391	0.253084	0.038971	0.044972	0.662973
candidate	0.495744	0.131172	0.0006740664	0.143764	0.047816	0.063719	0.744701
noncandidate	0.160654	0.050530	0.0012650819	0.275465	0.045876	0.053516	0.625143
candidate	0.520027	0.136773	0.0006362827	0.134698	0.037354	0.047714	0.780234
noncandidate	0.277059	0.090723	0.0010616521	0.250079	0.056383	0.069095	0.624443
candidate	0.452504	0.116918	0.0007102239	0.147835	0.025656	0.030109	0.796400
noncandidate	0.039005	0.012053	0.0014278114	0.306717	0.037425	0.041992	0.613866
candidate	0.534296	0.140994	0.0019531756	0.132517	0.045176	0.060577	0.761729
noncandidate	0.494314	0.167170	0.0008576551	0.186363	0.075068	0.105279	0.633291
candidate	0.412497	0.105356	0.0007633215	0.157638	0.031231	0.037419	0.773712
noncandidate	0.274421	0.088342	0.0010138918	0.245800	0.050739	0.061213	0.642249
candidate	0.474373	0.123901	0.0006719927	0.141801	0.017302	0.019414	0.821483
noncandidate	0.280543	0.090351	0.0040664271	0.241610	0.039914	0.046507	0.671970
candidate	0.539647	0.143310	0.0023961660	0.127984	0.023566	0.027905	0.820545
noncandidate	0.294476	0.095441	0.0030553595	0.240015	0.046824	0.055959	0.657203
candidate	0.439213	0.113719	0.0030866479	0.154738	0.042685	0.054459	0.748118
noncandidate	0.323617	0.105214	0.0011083977	0.232356	0.052584	0.064484	0.650576
candidate	0.416231	0.108815	0.0007585940	0.157631	0.019234	0.021581	0.801554
noncandidate	0.273136	0.087407	0.0033769928	0.245502	0.054590	0.066729	0.633179
candidate	0.501930	0.132995	0.0005257043	0.136305	0.016632	0.018661	0.828402
noncandidate	0.309963	0.100466	0.0010697117	0.237413	0.059346	0.074181	0.629060
candidate	0.518725	0.137480	0.0006470918	0.131749	0.016076	0.018037	0.834138
noncandidate	0.280429	0.090701	0.0011071069	0.240386	0.029331	0.032910	0.697372
candidate	0.534391	0.141200	0.0006229143	0.130747	0.033475	0.042046	0.793733
noncandidate	0.246948	0.079238	0.0035080199	0.249732	0.031312	0.035238	0.683718
candidate	0.536325	0.143370	0.0006240539	0.133401	0.043471	0.057637	0.765491
noncandidate	0.288956	0.093682	0.0030802465	0.245706	0.067129	0.085466	0.601699
candidate	0.366299	0.093658	0.0007771207	0.167356	0.020420	0.022912	0.789312
noncandidate	0.171521	0.055510	0.0011234522	0.278378	0.040214	0.046023	0.635384
candidate	0.538071	0.142446	0.0014769143	0.130975	0.039236	0.050990	0.778798
noncandidate	0.251611	0.080311	0.0010686970	0.250462	0.047350	0.056301	0.645887
candidate	0.500821	0.132620	0.0021008466	0.140222	0.034890	0.043572	0.781316
noncandidate	0.263522	0.084212	0.0054656426	0.253830	0.087942	0.118345	0.539883
candidate	0.473519	0.124487	0.0021997814	0.142930	0.017440	0.019568	0.820062
noncandidate	0.218568	0.068996	0.0035812302	0.258980	0.050880	0.060877	0.629263
candidate	0.504680	0.133985	0.0017570798	0.140288	0.039029	0.049886	0.770797
noncandidate	0.212653	0.067347	0.0039629835	0.264642	0.066534	0.083259	0.585565
candidate	0.598509	0.161108	0.0022974994	0.118778	0.056059	0.082512	0.742651
noncandidate	0.304972	0.099153	0.0010823295	0.239563	0.058302	0.072490	0.629645
candidate	0.595798	0.160616	0.0005497183	0.112878	0.015181	0.017222	0.854719
noncandidate	0.357832	0.116372	0.0059465081	0.227364	0.093489	0.131779	0.547367
candidate	0.438242	0.113099	0.0007348695	0.149953	0.019190	0.021646	0.809211
noncandidate	0.267317	0.085097	0.0011711256	0.242245	0.035314	0.040462	0.681979
candidate	0.557954	0.148212	0.0004913071	0.121278	0.014798	0.016604	0.847319
noncandidate	0.253408	0.080517	0.0011913464	0.257207	0.095300	0.130466	0.517026
candidate	0.393150	0.101526	0.0007457459	0.162563	0.022842	0.026052	0.788543
noncandidate	0.318339	0.103028	0.0011230586	0.234421	0.059815	0.075077	0.630687
candidate	0.552211	0.148427	0.0005367454	0.124314	0.015169	0.017019	0.843498
noncandidate	0.349962	0.113474	0.0033498529	0.223021	0.052558	0.064944	0.659477
candidate	0.525145	0.139915	0.0006369120	0.133979	0.031841	0.039408	0.794772
noncandidate	0.324568	0.105328	0.0042961648	0.233664	0.064662	0.082554	0.619120
candidate	0.444429	0.115827	0.0021020960	0.151251	0.026126	0.030639	0.791983
noncandidate	0.337088	0.109440	0.0031246054	0.226062	0.044912	0.053835	0.675192
candidate	0.404814	0.106133	0.0027385881	0.164127	0.033834	0.040809	0.761229
noncandidate	0.387651	0.125317	0.0010001820	0.213771	0.073934	0.099490	0.612806
candidate	0.478139	0.126620	0.0006217305	0.142739	0.017417	0.019542	0.820302
noncandidate	0.365326	0.118435	0.0009540664	0.220447	0.066171	0.086030	0.627352
candidate	0.566423	0.150682	0.0020242554	0.126125	0.054551	0.078142	0.741181
noncandidate	0.218442	0.069281	0.0048584869	0.257692	0.039133	0.045076	0.658099
candidate	0.546776	0.145977	0.0021235625	0.132806	0.060933	0.088880	0.717381
noncandidate	0.349193	0.113609	0.0037133858	0.225501	0.061015	0.077523	0.635961
candidate	0.432347	0.111750	0.0019604887	0.153687	0.028466	0.033739	0.784107
noncandidate	0.414977	0.136181	0.0009230927	0.205554	0.060902	0.078945	0.654599
candidate	0.533848	0.142025	0.0006482774	0.133668	0.044704	0.059655	0.761973
noncandidate	0.191796	0.060948	0.0011359920	0.267674	0.043216	0.050193	0.638918
candidate	0.545892	0.144782	0.0006082773	0.132130	0.059208	0.085732	0.722930
noncandidate	0.255455	0.081802	0.0012003807	0.249672	0.045700	0.054065	0.650563
candidate	0.460416	0.119677	0.0006694091	0.147078	0.027886	0.033173	0.791864
noncandidate	0.203644	0.064751	0.0012688370	0.262078	0.034289	0.038776	0.664857
candidate	0.475278	0.126080	0.0007037949	0.146350	0.029561	0.035532	0.788557
noncandidate	0.223589	0.070754	0.0012356253	0.262877	0.076866	0.099329	0.560928
candidate	0.509871	0.134658	0.0005823465	0.137274	0.033644	0.041890	0.787191
noncandidate	0.161602	0.050628	0.0046097207	0.275733	0.054248	0.064921	0.605098
candidate	0.470969	0.124349	0.0007080218	0.145071	0.021148	0.024231	0.809550
noncandidate	0.273059	0.088720	0.0060407235	0.249557	0.057819	0.071214	0.621409
candidate	0.372903	0.095123	0.0008069278	0.167992	0.033005	0.039489	0.759514
noncandidate	0.275256	0.088772	0.0038456030	0.246967	0.056449	0.069352	0.627233
candidate	0.331363	0.084382	0.0008136000	0.175867	0.021459	0.024077	0.778597
noncandidate	0.267273	0.085986	0.0010767844	0.243476	0.029709	0.033334	0.693482
candidate	0.416893	0.108648	0.0020305359	0.159206	0.029619	0.035129	0.776046
noncandidate	0.232129	0.073131	0.0012576103	0.253731	0.048315	0.057515	0.640438
candidate	0.534006	0.142099	0.0006261416	0.130895	0.028996	0.035419	0.804690
noncandidate	0.321416	0.106094	0.0010757362	0.236186	0.051060	0.062098	0.650656
candidate	0.569054	0.151198	0.0005151297	0.118265	0.014431	0.016191	0.851113
noncandidate	0.182960	0.057531	0.0013018988	0.268396	0.046144	0.054077	0.631382
candidate	0.438735	0.112892	0.0006484997	0.151144	0.027254	0.032169	0.789432
noncandidate	0.282360	0.090473	0.0011551430	0.246918	0.077236	0.101379	0.574468
candidate	0.529924	0.139098	0.0006221086	0.127610	0.016265	0.018338	0.837788
noncandidate	0.379857	0.125181	0.0032480450	0.214077	0.039827	0.047237	0.698859
candidate	0.506335	0.131234	0.0022455254	0.140031	0.061399	0.088312	0.710258
noncandidate	0.322478	0.104129	0.0029232219	0.229687	0.045062	0.053903	0.671348
candidate	0.521931	0.137127	0.0019962394	0.134251	0.038897	0.050167	0.776685
noncandidate	0.172634	0.054238	0.0013135096	0.273365	0.055519	0.066795	0.604321
candidate	0.521979	0.138022	0.0024774277	0.132026	0.022913	0.026889	0.818172
noncandidate	0.359149	0.118556	0.0009219340	0.220351	0.034987	0.040542	0.704120
candidate	0.515649	0.135970	0.0032664195	0.137191	0.044371	0.058722	0.759716
noncandidate	0.316030	0.102347	0.0011220002	0.234886	0.057433	0.071476	0.636205
candidate	0.401240	0.103826	0.0006678898	0.160026	0.019526	0.021909	0.798539
noncandidate	0.213251	0.067149	0.0012423962	0.265459	0.079840	0.103832	0.550870
candidate	0.434581	0.112446	0.0007357685	0.152212	0.023357	0.026942	0.797488
noncandidate	0.276135	0.088479	0.0011664650	0.244613	0.053087	0.064609	0.637691
candidate	0.542198	0.143630	0.0023769673	0.128047	0.028942	0.035484	0.807527
noncandidate	0.147964	0.046881	0.0012258733	0.279140	0.035361	0.039840	0.645659
candidate	0.414846	0.107292	0.0007537525	0.159987	0.036613	0.044993	0.758407
noncandidate	0.346697	0.113176	0.0010201149	0.227614	0.063457	0.081147	0.627782
candidate	0.480048	0.126164	0.0023982340	0.144296	0.032574	0.039927	0.783203
noncandidate	0.257226	0.083114	0.0008945346	0.252239	0.050600	0.060751	0.636410
candidate	0.465650	0.123034	0.0007100496	0.148672	0.031144	0.037669	0.782516
noncandidate	0.289020	0.092612	0.0033075230	0.239569	0.048921	0.058911	0.652599
candidate	0.485225	0.128325	0.0028941405	0.145049	0.039799	0.050719	0.764434
noncandidate	0.461989	0.156418	0.0042303054	0.197400	0.074334	0.102307	0.625959
candidate	0.490562	0.129021	0.0006728863	0.141434	0.031330	0.038271	0.788965
noncandidate	0.253436	0.080811	0.0012134360	0.249708	0.047686	0.056793	0.645813
candidate	0.379222	0.097691	0.0037138562	0.169376	0.041221	0.051253	0.738150
noncandidate	0.351094	0.113704	0.0010801421	0.222025	0.050121	0.061436	0.666418
candidate	0.533133	0.140717	0.0005581916	0.129897	0.027900	0.033893	0.808310
noncandidate	0.274433	0.087443	0.0011602296	0.240702	0.037705	0.043611	0.677982
candidate	0.557079	0.148140	0.0005969732	0.124870	0.030389	0.037785	0.806955
noncandidate	0.191223	0.060524	0.0012822406	0.264451	0.032473	0.036460	0.666615
candidate	0.506498	0.133588	0.0006239732	0.134489	0.016619	0.018672	0.830220
noncandidate	0.302826	0.098489	0.0011366747	0.236132	0.037241	0.043114	0.683514
candidate	0.520218	0.138746	0.0005485803	0.132165	0.016127	0.018094	0.833614
noncandidate	0.218003	0.068975	0.0029881592	0.264784	0.078134	0.101174	0.555908
candidate	0.543679	0.143476	0.0006083810	0.124382	0.015177	0.017029	0.843412
noncandidate	0.415638	0.136023	0.0009623612	0.207100	0.075179	0.102450	0.615271
candidate	0.563282	0.151198	0.0005969300	0.124520	0.031557	0.039555	0.804368
noncandidate	0.206514	0.065952	0.0011926175	0.263959	0.041911	0.048565	0.645565
candidate	0.322971	0.082238	0.0008195884	0.178058	0.021726	0.024377	0.775838
noncandidate	0.392896	0.129617	0.0051223699	0.214045	0.062843	0.081292	0.641819
candidate	0.514117	0.136288	0.0006496052	0.137030	0.035839	0.045212	0.781920
noncandidate	0.190792	0.060135	0.0012826914	0.269838	0.062824	0.077450	0.589888
candidate	0.519709	0.136100	0.0005521367	0.129909	0.015851	0.017785	0.836455
noncandidate	0.369419	0.120975	0.0010446095	0.217135	0.043979	0.052886	0.685999
candidate	0.583311	0.158351	0.0016422502	0.116818	0.014254	0.015993	0.852935
noncandidate	0.317759	0.102462	0.0062639519	0.235433	0.071375	0.093006	0.600186
candidate	0.351812	0.090054	0.0008221084	0.171373	0.020911	0.023462	0.784255
noncandidate	0.248345	0.079535	0.0042247352	0.253752	0.055071	0.067022	0.624155
candidate	0.568895	0.151221	0.0020111377	0.120598	0.025196	0.030460	0.823745
noncandidate	0.460485	0.153810	0.0026162560	0.193592	0.061553	0.081122	0.663734
candidate	0.505735	0.135422	0.0033849365	0.138223	0.024100	0.028302	0.809374
noncandidate	0.302000	0.096628	0.0011011364	0.232496	0.036295	0.041962	0.689247
candidate	0.486784	0.128097	0.0005275497	0.139485	0.017020	0.019096	0.824399
noncandidate	0.232339	0.074404	0.0043144012	0.257106	0.046012	0.054247	0.642635
candidate	0.456895	0.120168	0.0025068727	0.148289	0.021539	0.024667	0.805505
noncandidate	0.177457	0.055469	0.0012985275	0.272214	0.064383	0.079609	0.583793
candidate	0.447060	0.117225	0.0025445557	0.153559	0.037020	0.045945	0.763477
noncandidate	0.369336	0.120969	0.0010538896	0.221047	0.064833	0.083846	0.630273
candidate	0.565697	0.150463	0.0018358980	0.123231	0.034392	0.043991	0.798386
noncandidate	0.360382	0.118868	0.0025479573	0.225765	0.066554	0.086170	0.621511
candidate	0.517086	0.137435	0.0032826737	0.137951	0.045080	0.059811	0.757158
noncandidate	0.433178	0.145353	0.0009565325	0.204518	0.065586	0.086615	0.643282
candidate	0.530550	0.139785	0.0005429133	0.130853	0.030465	0.037558	0.801124
noncandidate	0.264915	0.084641	0.0028365056	0.250323	0.068244	0.086845	0.594588
