candidate	0.532626	0.133268	0.0005569155	0.120785	0.014738	0.016536	0.847941
noncandidate	0.385291	0.098255	0.0024914206	0.161879	0.019752	0.022162	0.796206
candidate	0.433456	0.104519	0.0006992763	0.142504	0.023542	0.027431	0.806524
noncandidate	0.334074	0.084828	0.0006686641	0.183596	0.069778	0.096286	0.650340
candidate	0.234585	0.055216	0.0031618507	0.186035	0.022700	0.025469	0.765796
noncandidate	0.374971	0.096277	0.0007132484	0.168285	0.031906	0.037956	0.761853
candidate	0.663801	0.167609	0.0004369458	0.091051	0.027877	0.036412	0.844659
noncandidate	0.477812	0.125187	0.0006066044	0.149684	0.064296	0.091904	0.694116
candidate	0.619287	0.158106	0.0004873505	0.103308	0.026510	0.033312	0.836869
noncandidate	0.531540	0.142066	0.0004249191	0.135202	0.046887	0.063146	0.754766
candidate	0.404567	0.097911	0.0007104989	0.148841	0.018161	0.020377	0.812621
noncandidate	0.386858	0.097826	0.0007581766	0.161783	0.026943	0.031431	0.779843
candidate	0.264814	0.061995	0.0008782107	0.177771	0.021691	0.024338	0.776200
noncandidate	0.400975	0.104981	0.0007143088	0.167564	0.047705	0.061286	0.723445
candidate	0.388504	0.093724	0.0007002095	0.153038	0.021544	0.024577	0.800841
noncandidate	0.474938	0.123363	0.0005785780	0.145576	0.040714	0.052101	0.761609
candidate	0.569620	0.139983	0.0005079472	0.113052	0.032453	0.041769	0.812726
noncandidate	0.535791	0.142980	0.0016552307	0.127934	0.015610	0.017515	0.838941
candidate	0.548833	0.135838	0.0005754145	0.115337	0.014073	0.015790	0.854800
noncandidate	0.479306	0.129059	0.0005986982	0.144808	0.017669	0.019825	0.817697
candidate	0.511956	0.126453	0.0005217558	0.126459	0.024219	0.028857	0.820465
noncandidate	0.440305	0.113422	0.0006515016	0.154166	0.044575	0.057464	0.743795
candidate	0.378687	0.091660	0.0020062305	0.157807	0.030569	0.036491	0.775132
noncandidate	0.438822	0.114409	0.0006461836	0.151116	0.018439	0.020689	0.809757
candidate	0.440146	0.106395	0.0006669233	0.139781	0.017056	0.019137	0.824026
noncandidate	0.434804	0.112892	0.0005825603	0.153743	0.028519	0.033809	0.783930
candidate	0.530039	0.130363	0.0005850121	0.120999	0.021950	0.025932	0.831118
noncandidate	0.535396	0.141483	0.0006174617	0.130939	0.035966	0.045845	0.787250
candidate	0.637332	0.160284	0.0004507223	0.098957	0.037077	0.050968	0.812998
noncandidate	0.382992	0.099406	0.0008053927	0.172938	0.059812	0.080497	0.686753
candidate	0.500905	0.124009	0.0006214073	0.130282	0.028129	0.034202	0.807387
noncandidate	0.475036	0.123474	0.0005540968	0.142086	0.022371	0.025893	0.809651
candidate	0.472672	0.117131	0.0006159881	0.134971	0.016469	0.018478	0.830082
noncandidate	0.546135	0.148467	0.0005910867	0.133225	0.045995	0.061874	0.758907
candidate	0.435908	0.106484	0.0006243633	0.142325	0.017366	0.019485	0.820824
noncandidate	0.496262	0.128727	0.0006457101	0.135685	0.019672	0.022525	0.822118
candidate	0.558854	0.139817	0.0010962238	0.115845	0.022504	0.026876	0.834775
noncandidate	0.437897	0.114216	0.0023301487	0.157221	0.048468	0.063409	0.730903
candidate	0.547650	0.136335	0.0005757772	0.120065	0.032803	0.041765	0.805366
noncandidate	0.665300	0.183875	0.0003986903	0.098494	0.026218	0.033198	0.842090
candidate	0.527292	0.129608	0.0005944502	0.121533	0.021585	0.025419	0.831463
noncandidate	0.684786	0.186950	0.0004004046	0.094148	0.040410	0.057755	0.807687
candidate	0.443404	0.108040	0.0006736572	0.140079	0.017092	0.019178	0.823651
noncandidate	0.598288	0.163085	0.0004658428	0.118695	0.043835	0.060023	0.777448
candidate	0.475282	0.116127	0.0017130618	0.134353	0.025179	0.029898	0.810571
noncandidate	0.464813	0.122310	0.0006354465	0.148720	0.033279	0.040726	0.777274
candidate	0.539965	0.134277	0.0005411542	0.119256	0.019349	0.022489	0.838906
noncandidate	0.568485	0.151207	0.0005703968	0.124988	0.049782	0.069610	0.755620
candidate	0.442260	0.108317	0.0007013792	0.145190	0.037257	0.046817	0.770736
noncandidate	0.398220	0.101632	0.0007723980	0.162122	0.035913	0.043869	0.758096
candidate	0.498127	0.124591	0.0006330854	0.129655	0.015820	0.017751	0.836774
noncandidate	0.593144	0.157927	0.0004227902	0.116269	0.036124	0.047347	0.800260
candidate	0.600962	0.151720	0.0004636911	0.106860	0.026313	0.032792	0.834035
noncandidate	0.309176	0.077067	0.0007243182	0.184223	0.053814	0.069533	0.692431
candidate	0.436720	0.106836	0.0005745329	0.142321	0.017366	0.019485	0.820828
noncandidate	0.437262	0.115098	0.0006190482	0.156140	0.033537	0.040740	0.769584
candidate	0.529213	0.133983	0.0014175882	0.123099	0.015020	0.016853	0.845027
noncandidate	0.686659	0.192374	0.0003231921	0.090665	0.011063	0.012413	0.885860
candidate	0.477850	0.119059	0.0015712155	0.134362	0.016395	0.018395	0.830848
noncandidate	0.437690	0.114633	0.0005882416	0.157033	0.043041	0.054838	0.745087
candidate	0.612537	0.156983	0.0010788783	0.106526	0.032840	0.042963	0.817671
noncandidate	0.576034	0.152682	0.0005095924	0.118330	0.024788	0.029981	0.826901
candidate	0.462331	0.113164	0.0006715178	0.139219	0.032334	0.039844	0.788603
noncandidate	0.475562	0.125686	0.0005821701	0.146959	0.035892	0.044657	0.772492
candidate	0.435559	0.108790	0.0032349977	0.146071	0.020103	0.022870	0.810955
noncandidate	0.570260	0.156042	0.0005913861	0.122809	0.020948	0.024522	0.831721
candidate	0.554947	0.138399	0.0005256792	0.115641	0.018485	0.021439	0.844435
noncandidate	0.687453	0.192656	0.0003031422	0.090461	0.011038	0.012385	0.886117
candidate	0.477900	0.118162	0.0006522382	0.133335	0.016269	0.018255	0.832141
noncandidate	0.603294	0.163306	0.0004529097	0.110912	0.013533	0.015185	0.860371
candidate	0.310655	0.074725	0.0023721743	0.171239	0.020894	0.023444	0.784423
noncandidate	0.460824	0.121131	0.0006417586	0.146383	0.017861	0.020041	0.815715
candidate	0.563263	0.139268	0.0005096463	0.113052	0.020570	0.024313	0.842065
noncandidate	0.647238	0.176199	0.0004306809	0.099189	0.012103	0.013580	0.875129
candidate	0.666846	0.167746	0.0004200360	0.087822	0.016363	0.019411	0.876404
noncandidate	0.358758	0.091102	0.0006919718	0.171499	0.036117	0.043724	0.748660
candidate	0.625805	0.160218	0.0011570146	0.102295	0.028911	0.037082	0.831712
noncandidate	0.532177	0.142613	0.0006231591	0.135298	0.046292	0.062130	0.756280
candidate	0.523829	0.129498	0.0012972979	0.122428	0.018624	0.021458	0.837490
noncandidate	0.605913	0.163236	0.0004033174	0.109653	0.013380	0.015012	0.861955
candidate	0.396461	0.095856	0.0007470202	0.153431	0.031034	0.037311	0.778225
noncandidate	0.537572	0.138776	0.0005540059	0.130830	0.057711	0.083164	0.728295
candidate	0.435977	0.106674	0.0020035531	0.142518	0.017390	0.019512	0.820580
noncandidate	0.458834	0.119012	0.0007079251	0.152386	0.057674	0.079500	0.710440
candidate	0.484750	0.120491	0.0006006036	0.132282	0.016141	0.018110	0.833467
noncandidate	0.551818	0.149554	0.0004859429	0.125859	0.017091	0.019412	0.837638
candidate	0.544269	0.135692	0.0005370524	0.121921	0.037659	0.049291	0.791129
noncandidate	0.387282	0.099315	0.0007032738	0.167027	0.043005	0.054078	0.735889
candidate	0.398352	0.096119	0.0007157724	0.149945	0.018296	0.020529	0.811230
noncandidate	0.554016	0.146292	0.0003828766	0.128406	0.052430	0.073836	0.745327
candidate	0.579378	0.145625	0.0005316944	0.115095	0.045620	0.063702	0.775582
noncandidate	0.626157	0.170349	0.0004575562	0.108558	0.030329	0.038803	0.822310
candidate	0.464182	0.114738	0.0015286916	0.138736	0.025659	0.030405	0.805200
noncandidate	0.448936	0.115798	0.0005575043	0.147254	0.019881	0.022565	0.810300
candidate	0.443966	0.107998	0.0006507836	0.139705	0.017047	0.019127	0.824122
noncandidate	0.311522	0.078714	0.0005774504	0.192552	0.099128	0.149780	0.558541
candidate	0.585534	0.147742	0.0005341068	0.109737	0.021137	0.025208	0.843918
noncandidate	0.267922	0.067216	0.0007739738	0.189858	0.023854	0.026851	0.759437
candidate	0.647267	0.164418	0.0004433067	0.096952	0.034709	0.047135	0.821204
noncandidate	0.302149	0.077351	0.0008589836	0.189630	0.047348	0.059169	0.703853
candidate	0.493273	0.121458	0.0006135458	0.128872	0.015725	0.017644	0.837759
noncandidate	0.470151	0.122169	0.0005445851	0.144788	0.029446	0.035434	0.790332
candidate	0.682842	0.171786	0.0003616256	0.087202	0.036828	0.052382	0.823588
noncandidate	0.526312	0.140120	0.0006324491	0.134823	0.038823	0.050002	0.776353
candidate	0.353968	0.084635	0.0007678104	0.161265	0.027247	0.031851	0.779637
noncandidate	0.551601	0.148830	0.0005474438	0.126758	0.023513	0.027875	0.821854
candidate	0.469516	0.115903	0.0025667186	0.135212	0.016498	0.018511	0.829778
noncandidate	0.522782	0.138508	0.0005014898	0.138381	0.059852	0.085732	0.716035
candidate	0.418568	0.101834	0.0006455743	0.146107	0.017828	0.020003	0.816063
noncandidate	0.631833	0.174461	0.0003833529	0.110863	0.045303	0.063815	0.780019
candidate	0.404165	0.098470	0.0006517389	0.149938	0.018295	0.020528	0.811239
noncandidate	0.413836	0.106232	0.0007564315	0.158501	0.033468	0.040536	0.767495
candidate	0.571588	0.140844	0.0005230604	0.110326	0.019176	0.022510	0.847988
noncandidate	0.524045	0.138622	0.0006322888	0.135459	0.043894	0.058117	0.762531
candidate	0.530918	0.132659	0.0005916642	0.121062	0.014772	0.016574	0.847592
noncandidate	0.521474	0.139340	0.0005766898	0.136986	0.041078	0.053396	0.768541
candidate	0.467143	0.113916	0.0005669800	0.134209	0.016376	0.018374	0.831041
noncandidate	0.460897	0.119359	0.0007001601	0.148463	0.038484	0.048460	0.764593
candidate	0.376994	0.091780	0.0020266217	0.156639	0.019113	0.021445	0.802803
noncandidate	0.335344	0.085673	0.0008523462	0.176550	0.026577	0.030578	0.766295
candidate	0.562921	0.141778	0.0013158354	0.117171	0.031088	0.039336	0.812405
noncandidate	0.452500	0.118330	0.0005437205	0.149619	0.026006	0.030526	0.793849
candidate	0.538083	0.134347	0.0005791415	0.120341	0.020042	0.023379	0.836238
noncandidate	0.499174	0.133137	0.0006026786	0.142003	0.036604	0.046039	0.775354
candidate	0.510505	0.127016	0.0005811074	0.125792	0.015349	0.017222	0.841638
noncandidate	0.563728	0.151761	0.0005589048	0.121768	0.016822	0.019146	0.842264
candidate	0.520352	0.127377	0.0005904924	0.123688	0.026152	0.031681	0.818479
noncandidate	0.524069	0.139391	0.0004811742	0.137545	0.052933	0.073302	0.736219
candidate	0.320643	0.077156	0.0028619140	0.168801	0.020597	0.023110	0.787492
noncandidate	0.679339	0.183255	0.0003475578	0.097493	0.064973	0.108199	0.729335
candidate	0.541767	0.134130	0.0005545994	0.117877	0.017402	0.019971	0.844750
noncandidate	0.500369	0.130542	0.0005707558	0.139221	0.039388	0.050532	0.770859
candidate	0.516752	0.128542	0.0005318468	0.124157	0.015149	0.016998	0.843695
noncandidate	0.562951	0.153659	0.0005039460	0.126247	0.029608	0.036552	0.807594
candidate	0.482495	0.119072	0.0006404824	0.131911	0.016096	0.018060	0.833934
noncandidate	0.406693	0.105740	0.0006555335	0.161618	0.029979	0.035541	0.772862
candidate	0.602717	0.151761	0.0004949206	0.103322	0.012607	0.014145	0.869925
noncandidate	0.610359	0.163657	0.0003677165	0.108783	0.017127	0.019824	0.854266
candidate	0.475394	0.117581	0.0006522854	0.134444	0.018222	0.020691	0.826642
noncandidate	0.412476	0.105820	0.0023955442	0.167370	0.091359	0.140965	0.600306
candidate	0.487125	0.120419	0.0006396763	0.130952	0.015979	0.017928	0.835141
noncandidate	0.586011	0.158722	0.0004980883	0.115814	0.014131	0.015856	0.854199
candidate	0.552185	0.138402	0.0004549756	0.117622	0.021947	0.026042	0.834390
noncandidate	0.377097	0.097250	0.0007705400	0.167907	0.029276	0.034380	0.768437
candidate	0.640094	0.162646	0.0005013751	0.100123	0.043437	0.062281	0.794160
noncandidate	0.511171	0.136394	0.0005885398	0.141294	0.051602	0.070447	0.736656
candidate	0.597369	0.149029	0.0004902221	0.107552	0.031898	0.041358	0.819192
noncandidate	0.610883	0.161591	0.0004660805	0.106311	0.012972	0.014555	0.866162
candidate	0.470455	0.115242	0.0006427336	0.133981	0.016348	0.018343	0.831328
noncandidate	0.508714	0.134986	0.0005882735	0.139795	0.042675	0.055703	0.761827
candidate	0.467894	0.115862	0.0017605910	0.137056	0.020995	0.024212	0.817737
noncandidate	0.553177	0.144252	0.0004998613	0.125922	0.044177	0.059675	0.770225
candidate	0.644503	0.165174	0.0011003296	0.099319	0.040489	0.056995	0.803198
noncandidate	0.398842	0.104747	0.0007940102	0.165966	0.033385	0.040101	0.760548
candidate	0.463440	0.114551	0.0006760363	0.137869	0.020645	0.023736	0.817750
noncandidate	0.619416	0.167073	0.0005102588	0.106029	0.012937	0.014516	0.866518
candidate	0.461325	0.113160	0.0006128078	0.138222	0.024624	0.029011	0.808144
noncandidate	0.632419	0.168174	0.0004069104	0.103147	0.022704	0.027702	0.846447
candidate	0.485302	0.120251	0.0017041001	0.132413	0.019198	0.021981	0.826407
noncandidate	0.385635	0.100747	0.0007142963	0.169219	0.036488	0.044356	0.749938
candidate	0.397196	0.096211	0.0007344090	0.150816	0.018402	0.020648	0.810134
noncandidate	0.499281	0.131852	0.0005035119	0.145958	0.071975	0.107427	0.674640
candidate	0.602070	0.151859	0.0005020979	0.107813	0.033920	0.044592	0.813675
noncandidate	0.682385	0.182429	0.0003352466	0.092079	0.034267	0.047019	0.826636
candidate	0.549384	0.135271	0.0005425538	0.115408	0.017587	0.020267	0.846738
noncandidate	0.451268	0.118924	0.0007260927	0.149363	0.018225	0.020449	0.811963
candidate	0.571469	0.141909	0.0005123465	0.111972	0.023051	0.027797	0.837180
noncandidate	0.334301	0.084523	0.0008283063	0.174514	0.024155	0.027498	0.773833
candidate	0.595144	0.148227	0.0004730853	0.107171	0.027501	0.034558	0.830770
noncandidate	0.667559	0.181037	0.0003850510	0.094785	0.019145	0.023012	0.863058
candidate	0.520743	0.126813	0.0005320013	0.120546	0.014709	0.016504	0.848242
noncandidate	0.528473	0.141678	0.0005684996	0.133049	0.027575	0.033291	0.806085
candidate	0.425978	0.104360	0.0007244445	0.145253	0.017724	0.019886	0.817137
noncandidate	0.580425	0.154455	0.0004845141	0.120416	0.040754	0.054547	0.784284
candidate	0.559566	0.141650	0.0005771439	0.118103	0.028236	0.034987	0.818673
noncandidate	0.586341	0.159482	0.0003888611	0.116201	0.014179	0.015909	0.853712
candidate	0.632924	0.160923	0.0004693734	0.098742	0.022989	0.028341	0.849928
noncandidate	0.384913	0.099106	0.0007964729	0.167384	0.038117	0.046797	0.747703
candidate	0.562687	0.139575	0.0005821409	0.113244	0.019103	0.022326	0.845327
noncandidate	0.324937	0.082324	0.0008610934	0.181311	0.044074	0.054787	0.719828
candidate	0.213897	0.049990	0.0024211814	0.189736	0.023151	0.025976	0.761136
noncandidate	0.692700	0.191574	0.0004302269	0.087781	0.010711	0.012018	0.889490
candidate	0.437523	0.105965	0.0006712695	0.140706	0.017169	0.019264	0.822862
noncandidate	0.552064	0.149212	0.0005111836	0.129425	0.037268	0.048000	0.785307
candidate	0.405975	0.098222	0.0007235136	0.149294	0.021882	0.025089	0.803736
noncandidate	0.654445	0.173566	0.0004105593	0.099677	0.038933	0.054140	0.807250
candidate	0.468100	0.113968	0.0005568025	0.135836	0.025940	0.030894	0.807329
noncandidate	0.574703	0.159572	0.0004358460	0.125580	0.032662	0.041156	0.800602
candidate	0.414575	0.100435	0.0007063722	0.146488	0.017874	0.020055	0.815582
noncandidate	0.602828	0.157541	0.0004314027	0.109255	0.022705	0.027423	0.840617
candidate	0.432659	0.105258	0.0006957504	0.146312	0.035524	0.044149	0.774015
noncandidate	0.636173	0.170859	0.0004512120	0.105146	0.034167	0.045270	0.815416
candidate	0.532186	0.133101	0.0006142470	0.123347	0.026528	0.032233	0.817893
noncandidate	0.595514	0.161098	0.0004944018	0.115540	0.025789	0.031546	0.827124
candidate	0.554423	0.137902	0.0005300765	0.117240	0.027229	0.033553	0.821978
noncandidate	0.664848	0.189212	0.0003575064	0.101290	0.025582	0.032043	0.841084
candidate	0.674302	0.173159	0.0004157401	0.088819	0.022381	0.028021	0.860779
noncandidate	0.367150	0.094332	0.0023606052	0.167916	0.020489	0.022989	0.788606
candidate	0.475189	0.116827	0.0006470741	0.135399	0.026117	0.031155	0.807329
noncandidate	0.480436	0.125189	0.0005643357	0.141076	0.022663	0.026304	0.809957
