candidate	0.539264	0.138449	0.0024379315	0.122630	0.017134	0.019529	0.840707
noncandidate	0.236052	0.075518	0.0010827787	0.253389	0.035006	0.039842	0.671762
candidate	0.540066	0.135798	0.0005675200	0.119451	0.014575	0.016354	0.849620
noncandidate	0.273386	0.088908	0.0011914024	0.247686	0.046418	0.055118	0.650778
candidate	0.581488	0.148702	0.0005111990	0.110542	0.013488	0.015134	0.860835
noncandidate	0.242860	0.077185	0.0047163910	0.258092	0.080340	0.105326	0.556242
candidate	0.475414	0.117342	0.0006484938	0.135088	0.022425	0.026148	0.816339
noncandidate	0.439355	0.146775	0.0009419352	0.200620	0.059920	0.077815	0.661645
candidate	0.441202	0.110464	0.0005812962	0.144757	0.018751	0.021180	0.815312
noncandidate	0.233850	0.074750	0.0035554285	0.257069	0.050293	0.060132	0.632506
candidate	0.679575	0.174216	0.0003552952	0.089065	0.033032	0.045284	0.832619
noncandidate	0.296723	0.095925	0.0010909671	0.238349	0.044864	0.053309	0.663478
candidate	0.593566	0.151323	0.0005150418	0.110631	0.031071	0.039798	0.818500
noncandidate	0.336902	0.109384	0.0010966370	0.225676	0.042355	0.050305	0.681664
candidate	0.338653	0.081627	0.0007990290	0.164647	0.020090	0.022541	0.792722
noncandidate	0.335258	0.108993	0.0031374759	0.231674	0.070862	0.092529	0.604935
candidate	0.496401	0.125721	0.0016983202	0.131720	0.016072	0.018033	0.834174
noncandidate	0.241921	0.076904	0.0011586857	0.253714	0.052937	0.063982	0.629367
candidate	0.564326	0.143517	0.0004855762	0.114439	0.013964	0.015667	0.855930
noncandidate	0.324738	0.106109	0.0035067364	0.230605	0.040457	0.047555	0.681383
candidate	0.624550	0.159662	0.0003978007	0.101059	0.021142	0.025565	0.852234
noncandidate	0.297997	0.096339	0.0010011840	0.238479	0.047576	0.057068	0.656876
candidate	0.630725	0.160337	0.0004644461	0.100353	0.028867	0.037171	0.833608
noncandidate	0.310024	0.100039	0.0010574829	0.236232	0.058508	0.072998	0.632262
candidate	0.606538	0.156082	0.0014699527	0.105438	0.016713	0.019362	0.858487
noncandidate	0.296223	0.095569	0.0036086630	0.239811	0.054272	0.066554	0.639364
candidate	0.294437	0.070343	0.0029582947	0.174773	0.024420	0.027832	0.772975
noncandidate	0.280664	0.090941	0.0010551405	0.246726	0.058144	0.071846	0.623284
candidate	0.540566	0.136935	0.0005511594	0.120634	0.016539	0.018807	0.844020
noncandidate	0.357576	0.116906	0.0036861232	0.223193	0.057726	0.072655	0.646426
candidate	0.620326	0.159900	0.0004921943	0.103734	0.025127	0.031213	0.839927
noncandidate	0.303600	0.097320	0.0011345455	0.238463	0.067607	0.086771	0.607160
candidate	0.459470	0.114700	0.0007072091	0.139373	0.017006	0.019081	0.824540
noncandidate	0.349305	0.113302	0.0010689897	0.226559	0.070389	0.092252	0.610800
candidate	0.554339	0.143758	0.0013426352	0.119365	0.014565	0.016342	0.849729
noncandidate	0.189300	0.060421	0.0010842107	0.270402	0.046927	0.055071	0.627600
candidate	0.660986	0.170752	0.0004210838	0.094916	0.034933	0.047790	0.822361
noncandidate	0.325274	0.105309	0.0034718011	0.230703	0.052145	0.063931	0.653220
candidate	0.500970	0.124627	0.0016587927	0.131328	0.030688	0.037859	0.800125
noncandidate	0.365630	0.120081	0.0030247130	0.226173	0.086387	0.119314	0.568127
candidate	0.362562	0.088033	0.0007306930	0.159862	0.019506	0.021886	0.798745
noncandidate	0.316581	0.103905	0.0011280706	0.236790	0.052520	0.064169	0.646522
candidate	0.466428	0.115701	0.0005917259	0.136706	0.016681	0.018716	0.827897
noncandidate	0.181484	0.057567	0.0012302662	0.268169	0.032722	0.036714	0.662395
candidate	0.372909	0.090549	0.0006850327	0.157272	0.019190	0.021532	0.802006
noncandidate	0.388660	0.128362	0.0010191134	0.217518	0.072146	0.096065	0.614272
candidate	0.442938	0.108718	0.0006905511	0.141225	0.017232	0.019335	0.822209
noncandidate	0.204941	0.065122	0.0033756969	0.260910	0.031836	0.035720	0.671534
candidate	0.536276	0.135707	0.0005975532	0.122374	0.020052	0.023338	0.834237
noncandidate	0.338483	0.110844	0.0010317599	0.229404	0.054519	0.067476	0.648601
candidate	0.658136	0.166331	0.0003631446	0.092688	0.028518	0.037292	0.841501
noncandidate	0.301887	0.097043	0.0011315664	0.237397	0.055136	0.067942	0.639525
candidate	0.439038	0.109220	0.0007077329	0.144139	0.017588	0.019734	0.818540
noncandidate	0.213921	0.068315	0.0011194747	0.259279	0.031637	0.035497	0.673588
candidate	0.446107	0.110787	0.0006954945	0.142814	0.020593	0.023562	0.813031
noncandidate	0.298798	0.095943	0.0011465175	0.238622	0.057663	0.071598	0.632118
candidate	0.579758	0.148011	0.0005301766	0.110814	0.013521	0.015171	0.860494
noncandidate	0.283339	0.091507	0.0049203564	0.247449	0.072650	0.093972	0.585928
candidate	0.590010	0.149754	0.0004710816	0.107724	0.014179	0.016045	0.862052
noncandidate	0.327937	0.106075	0.0038151481	0.232508	0.068402	0.088522	0.610568
candidate	0.574281	0.144352	0.0005276066	0.112676	0.023572	0.028504	0.835248
noncandidate	0.328332	0.106313	0.0034565255	0.229483	0.050835	0.062095	0.657587
candidate	0.421363	0.104195	0.0018981834	0.147771	0.018031	0.020231	0.813968
noncandidate	0.208308	0.066959	0.0011241384	0.262843	0.032072	0.035985	0.669100
candidate	0.626118	0.162119	0.0004979852	0.101754	0.020412	0.024507	0.853326
noncandidate	0.407641	0.135447	0.0034542609	0.209188	0.054285	0.068373	0.668154
candidate	0.375762	0.091262	0.0007909545	0.156596	0.019108	0.021439	0.802858
noncandidate	0.228075	0.073129	0.0012447526	0.263271	0.068626	0.086511	0.581593
candidate	0.512097	0.128978	0.0006227050	0.128624	0.023264	0.027471	0.820641
noncandidate	0.379785	0.126463	0.0024882277	0.218577	0.051510	0.063649	0.666264
candidate	0.397694	0.098152	0.0021581235	0.153513	0.018731	0.021017	0.806738
noncandidate	0.298289	0.097169	0.0033186130	0.239145	0.042993	0.050722	0.667140
candidate	0.730377	0.188749	0.0003453496	0.076408	0.034010	0.049148	0.840434
noncandidate	0.271261	0.086467	0.0011733075	0.247060	0.064257	0.080967	0.607716
candidate	0.434086	0.106707	0.0007022342	0.143686	0.017532	0.019672	0.819110
noncandidate	0.262101	0.084313	0.0011195617	0.250888	0.057204	0.070246	0.621662
candidate	0.503411	0.126303	0.0016647701	0.128671	0.015700	0.017616	0.838013
noncandidate	0.406009	0.132721	0.0009765150	0.212538	0.091915	0.131517	0.564031
candidate	0.559736	0.141557	0.0009087681	0.115003	0.014033	0.015745	0.855219
noncandidate	0.318986	0.103613	0.0011158517	0.235708	0.063639	0.080819	0.619834
candidate	0.494574	0.123199	0.0005597132	0.130038	0.015867	0.017803	0.836291
noncandidate	0.335652	0.108992	0.0010090951	0.225889	0.041285	0.048831	0.683995
candidate	0.429489	0.107445	0.0022683434	0.147564	0.018770	0.021157	0.812509
noncandidate	0.357035	0.115872	0.0010508030	0.218708	0.040928	0.048587	0.691778
candidate	0.482183	0.119691	0.0006401836	0.134231	0.022861	0.026754	0.816154
noncandidate	0.373129	0.122958	0.0010365987	0.220367	0.060853	0.077657	0.641123
candidate	0.478381	0.118724	0.0006434771	0.133711	0.016315	0.018306	0.831668
noncandidate	0.410229	0.136585	0.0031208314	0.209994	0.061466	0.079457	0.649083
candidate	0.420875	0.104802	0.0022919235	0.148917	0.018171	0.020388	0.812524
noncandidate	0.279630	0.090158	0.0010513330	0.243824	0.047500	0.056754	0.651922
candidate	0.478560	0.117901	0.0006443889	0.133175	0.018329	0.020851	0.827645
noncandidate	0.345951	0.113949	0.0028785499	0.229604	0.062663	0.079763	0.627970
candidate	0.483954	0.119927	0.0005771245	0.132081	0.016116	0.018083	0.833720
noncandidate	0.222794	0.071323	0.0011700855	0.257220	0.032384	0.036461	0.673934
candidate	0.483000	0.120893	0.0005426604	0.133652	0.016308	0.018298	0.831742
noncandidate	0.293972	0.093630	0.0011373080	0.244342	0.093866	0.129790	0.532001
candidate	0.547516	0.137035	0.0005813647	0.118017	0.018959	0.022005	0.841020
noncandidate	0.253793	0.082524	0.0010942473	0.255787	0.055011	0.066842	0.622360
candidate	0.444556	0.110642	0.0005364362	0.142776	0.017421	0.019547	0.820255
noncandidate	0.275606	0.088314	0.0011673737	0.246416	0.061668	0.077100	0.614817
candidate	0.562904	0.143108	0.0005652866	0.114778	0.014005	0.015714	0.855503
noncandidate	0.301161	0.096787	0.0011332693	0.241692	0.078610	0.104157	0.575541
candidate	0.556386	0.143101	0.0016564461	0.117827	0.014377	0.016131	0.851664
noncandidate	0.290705	0.093068	0.0011427077	0.239227	0.050648	0.061370	0.648754
candidate	0.553779	0.138002	0.0005608160	0.117507	0.026659	0.032708	0.823126
noncandidate	0.295577	0.096226	0.0010389011	0.242535	0.056054	0.069009	0.632401
candidate	0.594045	0.150095	0.0004400316	0.105940	0.012927	0.014504	0.866629
noncandidate	0.255332	0.082351	0.0047074579	0.250167	0.040188	0.046645	0.663000
candidate	0.635019	0.164337	0.0004750231	0.100530	0.026526	0.033526	0.839418
noncandidate	0.154650	0.048747	0.0013192582	0.278205	0.047081	0.055048	0.619667
candidate	0.531473	0.134541	0.0005964918	0.124124	0.022348	0.026372	0.827155
noncandidate	0.334699	0.107505	0.0010737254	0.231438	0.084156	0.114708	0.569697
candidate	0.398384	0.097174	0.0007035502	0.151570	0.018494	0.020751	0.809185
noncandidate	0.255374	0.081431	0.0011977362	0.251263	0.058785	0.072537	0.617416
candidate	0.376332	0.092302	0.0023642363	0.157964	0.019274	0.021626	0.801135
noncandidate	0.309948	0.100558	0.0032502383	0.239176	0.068517	0.088140	0.604167
candidate	0.558711	0.140902	0.0004667391	0.118494	0.031542	0.039939	0.810025
noncandidate	0.205059	0.064910	0.0012683183	0.260512	0.034356	0.038887	0.666245
candidate	0.404875	0.100052	0.0031264248	0.151840	0.018527	0.020788	0.808845
noncandidate	0.356067	0.116154	0.0010566376	0.224523	0.064386	0.082847	0.628244
candidate	0.507509	0.125797	0.0006157910	0.127076	0.019804	0.022891	0.830229
noncandidate	0.279694	0.090631	0.0010285818	0.244199	0.043703	0.051524	0.660575
candidate	0.708053	0.184204	0.0003802158	0.082991	0.034914	0.049602	0.832493
noncandidate	0.196238	0.062167	0.0012077868	0.268122	0.056167	0.067933	0.607778
candidate	0.345855	0.083305	0.0007905734	0.162741	0.019857	0.022280	0.795121
noncandidate	0.396761	0.129763	0.0009914203	0.210524	0.058445	0.074669	0.656362
candidate	0.432094	0.106405	0.0012644660	0.144446	0.017625	0.019776	0.818153
noncandidate	0.382642	0.125173	0.0010156668	0.215756	0.061297	0.078710	0.644237
candidate	0.577376	0.148975	0.0021067573	0.115489	0.027908	0.034652	0.821950
noncandidate	0.344840	0.111953	0.0010706736	0.226817	0.062168	0.079206	0.631808
candidate	0.392479	0.095521	0.0007337101	0.152718	0.018634	0.020908	0.807739
noncandidate	0.345556	0.112421	0.0010112686	0.226209	0.057589	0.072250	0.643952
candidate	0.659910	0.169878	0.0003693073	0.091288	0.014934	0.017377	0.876401
noncandidate	0.241007	0.076775	0.0010699326	0.250353	0.033212	0.037618	0.678817
candidate	0.469319	0.118457	0.0023507294	0.138687	0.018543	0.021022	0.821747
noncandidate	0.262810	0.084055	0.0011743065	0.245217	0.037239	0.042894	0.674650
candidate	0.218059	0.051408	0.0009598296	0.190407	0.023233	0.026068	0.760292
noncandidate	0.315383	0.101868	0.0032103610	0.237280	0.073863	0.096845	0.592012
candidate	0.424997	0.104176	0.0006769069	0.145578	0.017763	0.019931	0.816728
noncandidate	0.388382	0.126471	0.0010044605	0.214865	0.073050	0.097873	0.614212
candidate	0.269075	0.064764	0.0026296896	0.181677	0.022168	0.024873	0.771282
noncandidate	0.202730	0.065027	0.0012247550	0.264135	0.032229	0.036162	0.667474
candidate	0.606704	0.153091	0.0003809948	0.104374	0.021285	0.025625	0.848716
noncandidate	0.212007	0.067444	0.0031507949	0.263525	0.053302	0.064083	0.619091
candidate	0.380791	0.094352	0.0030072005	0.158416	0.019330	0.021688	0.800566
noncandidate	0.243455	0.077783	0.0042420579	0.254577	0.054182	0.065713	0.625528
candidate	0.570432	0.145335	0.0004912697	0.113715	0.016787	0.019265	0.850232
noncandidate	0.364506	0.119009	0.0010406507	0.221328	0.061053	0.077894	0.639725
candidate	0.160931	0.037317	0.0009155137	0.200960	0.024521	0.027513	0.747007
noncandidate	0.308278	0.100272	0.0039486282	0.238932	0.060966	0.076522	0.623580
candidate	0.311851	0.074341	0.0008303597	0.169439	0.020675	0.023197	0.786688
noncandidate	0.353053	0.114517	0.0010157045	0.225832	0.073521	0.097445	0.603202
candidate	0.518495	0.130793	0.0006185058	0.125456	0.015308	0.017176	0.842061
noncandidate	0.312997	0.101725	0.0026862249	0.231427	0.031790	0.036157	0.700626
candidate	0.587549	0.153188	0.0021077117	0.114236	0.029446	0.037036	0.819281
noncandidate	0.339356	0.111218	0.0010913087	0.231024	0.064068	0.081833	0.623075
candidate	0.253551	0.060264	0.0008897470	0.183248	0.022360	0.025088	0.769304
noncandidate	0.268957	0.086478	0.0011013621	0.246886	0.048709	0.058318	0.646087
candidate	0.689616	0.179691	0.0003846090	0.087746	0.032876	0.045194	0.834184
noncandidate	0.322509	0.105366	0.0009865436	0.236330	0.066444	0.085122	0.612104
candidate	0.430925	0.107378	0.0007112863	0.146464	0.017871	0.020052	0.815613
noncandidate	0.046555	0.014449	0.0013477950	0.306765	0.042219	0.048030	0.602986
candidate	0.495854	0.123959	0.0006320567	0.130589	0.017699	0.020098	0.831613
noncandidate	0.285763	0.091192	0.0011580414	0.244065	0.072457	0.093961	0.589517
candidate	0.542461	0.137436	0.0005829845	0.120090	0.016182	0.018363	0.845365
noncandidate	0.263133	0.084958	0.0034540107	0.247061	0.036081	0.041350	0.675508
candidate	0.539107	0.135973	0.0005960701	0.120068	0.014650	0.016438	0.848844
noncandidate	0.322232	0.104089	0.0010177354	0.233525	0.064349	0.082079	0.620047
candidate	0.570781	0.145347	0.0005401204	0.112892	0.013775	0.015456	0.857877
noncandidate	0.319823	0.104148	0.0047086529	0.231149	0.039242	0.045904	0.683705
candidate	0.559547	0.141328	0.0005351025	0.115590	0.017064	0.019583	0.847763
noncandidate	0.272952	0.088995	0.0011898951	0.250485	0.056758	0.069618	0.623139
candidate	0.589247	0.150308	0.0005686346	0.113230	0.039654	0.053541	0.793575
noncandidate	0.259523	0.083098	0.0012031766	0.252684	0.068443	0.086979	0.591895
candidate	0.478251	0.119467	0.0018921702	0.136099	0.023289	0.027274	0.813339
noncandidate	0.310079	0.099785	0.0011179317	0.234405	0.052123	0.063713	0.649759
candidate	0.555271	0.141016	0.0005604527	0.116655	0.014234	0.015971	0.853139
noncandidate	0.264882	0.085319	0.0030178763	0.248830	0.049916	0.059930	0.641323
candidate	0.553811	0.140839	0.0005690571	0.118421	0.019817	0.023134	0.838628
noncandidate	0.243159	0.077987	0.0038578721	0.253711	0.044579	0.052412	0.649297
candidate	0.653960	0.167310	0.0004409372	0.093983	0.023520	0.029406	0.853090
noncandidate	0.279948	0.089957	0.0011592019	0.238984	0.029160	0.032719	0.699137
candidate	0.286702	0.068362	0.0007063719	0.175665	0.021434	0.024050	0.778851
noncandidate	0.340609	0.110566	0.0010766977	0.229898	0.072190	0.094850	0.603062
candidate	0.688193	0.177042	0.0003968645	0.088454	0.042892	0.063690	0.804963
noncandidate	0.329582	0.107162	0.0010993713	0.230506	0.053078	0.065300	0.651116
candidate	0.586298	0.148853	0.0015065051	0.113012	0.036965	0.049056	0.800968
noncandidate	0.345272	0.112017	0.0010797736	0.223701	0.046986	0.056855	0.672458
candidate	0.567573	0.146478	0.0013478215	0.117875	0.026576	0.032568	0.822980
noncandidate	0.279952	0.090359	0.0011668245	0.241930	0.037704	0.043580	0.676786
candidate	0.365833	0.088849	0.0007736565	0.159083	0.019411	0.021780	0.799726
noncandidate	0.250989	0.079786	0.0012134321	0.255732	0.080301	0.105493	0.558474
candidate	0.491455	0.123083	0.0005687868	0.132601	0.020771	0.024025	0.822602
noncandidate	0.317966	0.103398	0.0029634981	0.234283	0.053020	0.065019	0.647678
candidate	0.596626	0.150276	0.0004996098	0.104941	0.012805	0.014367	0.867888
noncandidate	0.271072	0.086894	0.0011784429	0.241344	0.029448	0.033042	0.696166
candidate	0.506710	0.126764	0.0006319447	0.128639	0.020837	0.024213	0.826311
noncandidate	0.241274	0.076591	0.0051201787	0.253641	0.054124	0.065674	0.626561
candidate	0.478542	0.120209	0.0005513013	0.135291	0.016508	0.018522	0.829679
noncandidate	0.378427	0.126105	0.0025015579	0.223019	0.073628	0.097924	0.605428
