candidate	0.396694	0.118169	0.0008272625	0.191970	0.054426	0.069856	0.683749
noncandidate	0.331860	0.100369	0.0010162683	0.214174	0.051817	0.064353	0.669656
candidate	0.475565	0.143696	0.0006630248	0.171435	0.061266	0.083158	0.684140
noncandidate	0.323705	0.097688	0.0027270660	0.216025	0.051093	0.063178	0.669704
candidate	0.444760	0.132532	0.0008285941	0.179075	0.064389	0.087535	0.669002
noncandidate	0.350719	0.106296	0.0009930515	0.206801	0.041314	0.049567	0.702319
candidate	0.552767	0.169794	0.0006268343	0.150032	0.062626	0.088760	0.698582
noncandidate	0.336204	0.101346	0.0010068232	0.213654	0.060069	0.076956	0.649320
candidate	0.403350	0.120396	0.0008006417	0.191084	0.058907	0.077065	0.672944
noncandidate	0.309257	0.093079	0.0010455527	0.221152	0.057711	0.072770	0.648367
candidate	0.261105	0.075525	0.0010667087	0.223590	0.039893	0.047010	0.689507
noncandidate	0.355277	0.108103	0.0009875925	0.207689	0.049063	0.060653	0.682595
candidate	0.470458	0.141309	0.0007099417	0.172666	0.065350	0.090076	0.671907
noncandidate	0.312447	0.094094	0.0010429010	0.218322	0.047137	0.057314	0.677227
candidate	0.434516	0.130750	0.0022736480	0.181296	0.049160	0.062490	0.707053
noncandidate	0.379511	0.115748	0.0009518366	0.200250	0.046793	0.057727	0.695229
candidate	0.342442	0.099968	0.0009782880	0.204845	0.056928	0.072749	0.665478
noncandidate	0.332832	0.100869	0.0009631013	0.211101	0.035725	0.041770	0.711404
candidate	0.357272	0.105157	0.0009085354	0.198883	0.040117	0.048209	0.712791
noncandidate	0.357530	0.108404	0.0009773139	0.206208	0.048596	0.060048	0.685149
candidate	0.328469	0.096173	0.0008737102	0.212111	0.072114	0.096620	0.619156
noncandidate	0.382265	0.116788	0.0009501924	0.200549	0.051231	0.064317	0.683903
candidate	0.534267	0.162486	0.0007124181	0.152959	0.052902	0.071198	0.722941
noncandidate	0.328467	0.099067	0.0027062746	0.214247	0.050003	0.061673	0.674078
candidate	0.348018	0.102102	0.0009137292	0.206131	0.068749	0.091671	0.633450
noncandidate	0.330609	0.100016	0.0010185325	0.212923	0.043067	0.051778	0.692232
candidate	0.438163	0.130712	0.0008407225	0.177948	0.044636	0.055832	0.721585
noncandidate	0.353007	0.106542	0.0009804705	0.206465	0.047425	0.058319	0.687791
candidate	0.429653	0.128663	0.0007601046	0.180965	0.043524	0.053992	0.721519
noncandidate	0.352263	0.107011	0.0009321250	0.206535	0.040065	0.047838	0.705562
candidate	0.357328	0.105796	0.0008009768	0.203029	0.056364	0.072011	0.668596
noncandidate	0.321185	0.096500	0.0010240534	0.215509	0.048832	0.059897	0.675762
candidate	0.385564	0.114529	0.0008682031	0.193740	0.048429	0.060535	0.697295
noncandidate	0.376945	0.114814	0.0009544191	0.201039	0.048122	0.059641	0.691198
candidate	0.402816	0.120003	0.0007862257	0.187802	0.041654	0.050893	0.719650
noncandidate	0.375071	0.114299	0.0009604647	0.202627	0.053112	0.067034	0.677228
candidate	0.453191	0.135669	0.0008278256	0.175304	0.052149	0.067662	0.704886
noncandidate	0.352147	0.106765	0.0009885203	0.208481	0.051994	0.064961	0.674564
candidate	0.406320	0.121659	0.0008294033	0.187722	0.042007	0.051407	0.718865
noncandidate	0.348721	0.105896	0.0009946370	0.209381	0.049463	0.061147	0.680009
candidate	0.424641	0.127376	0.0007344675	0.186715	0.066727	0.090567	0.655991
noncandidate	0.321012	0.096600	0.0010267552	0.217326	0.056586	0.071320	0.654767
candidate	0.299109	0.086781	0.0010198085	0.211795	0.033515	0.038819	0.715871
noncandidate	0.309452	0.092997	0.0010445137	0.217584	0.041075	0.048829	0.692513
candidate	0.394114	0.117006	0.0007915744	0.192975	0.059373	0.077640	0.670012
noncandidate	0.393374	0.120474	0.0009343401	0.196622	0.046113	0.056927	0.700338
candidate	0.414518	0.123422	0.0008757493	0.189319	0.072073	0.099495	0.639113
noncandidate	0.371452	0.112941	0.0025535988	0.201878	0.045687	0.056026	0.696410
candidate	0.358425	0.106177	0.0027592301	0.200771	0.045550	0.055884	0.697795
noncandidate	0.374859	0.114102	0.0009578442	0.201092	0.045679	0.056056	0.697173
candidate	0.465550	0.140382	0.0006399726	0.174470	0.063116	0.085944	0.676470
noncandidate	0.361173	0.110193	0.0009347097	0.204090	0.037301	0.044119	0.714489
candidate	0.344035	0.101570	0.0008226951	0.204396	0.045163	0.055142	0.695300
noncandidate	0.361515	0.109492	0.0009737074	0.204349	0.046361	0.056880	0.692410
candidate	0.430876	0.130015	0.0006475504	0.188364	0.084337	0.122012	0.605287
noncandidate	0.332000	0.099883	0.0010096919	0.211829	0.045380	0.055101	0.687690
candidate	0.470041	0.142223	0.0007191370	0.172996	0.058869	0.078900	0.689234
noncandidate	0.313474	0.094616	0.0027687534	0.217974	0.044813	0.054027	0.683186
candidate	0.450008	0.135305	0.0007832096	0.175858	0.045636	0.057479	0.721027
noncandidate	0.372544	0.112797	0.0009554318	0.202488	0.054966	0.069886	0.672661
candidate	0.391576	0.116396	0.0031739841	0.192381	0.050818	0.064242	0.692558
noncandidate	0.372209	0.113474	0.0009625407	0.202044	0.044813	0.054753	0.698390
candidate	0.462385	0.138906	0.0007603156	0.175612	0.068255	0.094772	0.661361
noncandidate	0.339020	0.102791	0.0010086060	0.211851	0.048423	0.059491	0.680235
candidate	0.383098	0.114562	0.0007602991	0.199242	0.069156	0.093152	0.638449
noncandidate	0.335290	0.101927	0.0024404560	0.212383	0.042722	0.051316	0.693579
candidate	0.413586	0.124015	0.0007160673	0.191760	0.078296	0.110226	0.619717
noncandidate	0.347995	0.104933	0.0009915392	0.207404	0.045303	0.055198	0.692095
candidate	0.368691	0.109762	0.0007475970	0.202321	0.066300	0.088022	0.643356
noncandidate	0.372280	0.112885	0.0009563919	0.201253	0.046228	0.056847	0.695672
candidate	0.344555	0.101051	0.0009125880	0.205604	0.059753	0.077118	0.657525
noncandidate	0.342054	0.103410	0.0009976476	0.210879	0.051321	0.063811	0.673988
candidate	0.402947	0.120083	0.0008000412	0.193234	0.073624	0.101658	0.631484
noncandidate	0.373235	0.113918	0.0009595646	0.202651	0.048508	0.060119	0.688722
candidate	0.416456	0.124466	0.0008260087	0.184274	0.041703	0.051141	0.722882
noncandidate	0.326374	0.098779	0.0010253332	0.215078	0.046979	0.057241	0.680702
candidate	0.409608	0.122727	0.0008854460	0.189782	0.058391	0.076356	0.675470
noncandidate	0.366211	0.111253	0.0009689099	0.202448	0.040948	0.049230	0.707374
candidate	0.385386	0.113911	0.0009111499	0.193246	0.050429	0.063588	0.692736
noncandidate	0.356009	0.107768	0.0009776546	0.207144	0.052855	0.066342	0.673658
candidate	0.414462	0.123918	0.0008327044	0.185465	0.044447	0.055099	0.714989
noncandidate	0.353897	0.107149	0.0009840066	0.206473	0.045621	0.055702	0.692204
candidate	0.285114	0.082912	0.0009824753	0.219310	0.047904	0.058367	0.674420
noncandidate	0.374762	0.113792	0.0009547664	0.201671	0.051168	0.064150	0.683012
candidate	0.421698	0.125766	0.0008664275	0.184949	0.056403	0.073604	0.685044
noncandidate	0.285569	0.085333	0.0010722513	0.226091	0.053796	0.066597	0.653516
candidate	0.464313	0.139479	0.0008070170	0.171851	0.048468	0.062138	0.717544
noncandidate	0.341249	0.103400	0.0010015321	0.210846	0.047419	0.058083	0.683652
candidate	0.309152	0.090589	0.0009041357	0.209087	0.025512	0.028625	0.736775
noncandidate	0.366672	0.111176	0.0009698305	0.203149	0.047240	0.058225	0.691387
candidate	0.389965	0.116545	0.0006835969	0.197538	0.072515	0.099120	0.630827
noncandidate	0.377350	0.114903	0.0009535143	0.201418	0.051161	0.064157	0.683264
candidate	0.389051	0.115241	0.0008584888	0.189894	0.036576	0.043621	0.729908
noncandidate	0.353908	0.107475	0.0009839854	0.208186	0.051562	0.064332	0.675921
candidate	0.413705	0.123037	0.0008744493	0.185654	0.049366	0.062492	0.702488
noncandidate	0.339413	0.102846	0.0010103292	0.209048	0.035659	0.041741	0.713551
candidate	0.376189	0.111286	0.0009356056	0.197214	0.056379	0.072496	0.673911
noncandidate	0.384763	0.117382	0.0009466072	0.199998	0.053997	0.068576	0.677429
candidate	0.422393	0.125981	0.0007486288	0.188167	0.078727	0.111622	0.621484
noncandidate	0.342066	0.103246	0.0009987145	0.210604	0.051616	0.064267	0.673513
candidate	0.457635	0.139537	0.0006119474	0.179909	0.070673	0.098421	0.650996
noncandidate	0.351218	0.107081	0.0009968898	0.208004	0.042187	0.050743	0.699066
candidate	0.450255	0.134168	0.0008231069	0.177083	0.062346	0.084293	0.676278
noncandidate	0.363068	0.110264	0.0009736101	0.204537	0.047041	0.057859	0.690563
candidate	0.470439	0.142301	0.0007693056	0.170572	0.045455	0.057568	0.726405
noncandidate	0.348633	0.105399	0.0009900562	0.207741	0.045377	0.055288	0.691595
candidate	0.408926	0.122869	0.0006971731	0.194131	0.082300	0.117129	0.606440
noncandidate	0.354339	0.107365	0.0009866686	0.206898	0.047759	0.058784	0.686558
candidate	0.442392	0.132851	0.0007936781	0.178823	0.050434	0.064658	0.706085
noncandidate	0.346275	0.105831	0.0024129961	0.212717	0.056748	0.071887	0.658648
candidate	0.352137	0.103300	0.0009531211	0.204683	0.067513	0.089775	0.638029
noncandidate	0.293184	0.087596	0.0010632329	0.223461	0.052217	0.064418	0.659904
candidate	0.382021	0.113092	0.0008778483	0.196808	0.063653	0.084237	0.655302
noncandidate	0.352076	0.106791	0.0009883700	0.209583	0.057506	0.073284	0.659628
candidate	0.372124	0.110734	0.0007558800	0.203787	0.083403	0.117475	0.595336
noncandidate	0.329901	0.098878	0.0010077352	0.213786	0.056535	0.071485	0.658194
candidate	0.447215	0.134384	0.0008006665	0.178433	0.056192	0.073888	0.691487
noncandidate	0.355260	0.108148	0.0009884738	0.207266	0.046322	0.056674	0.689739
candidate	0.404040	0.120406	0.0008420201	0.186809	0.038147	0.045937	0.729107
noncandidate	0.360396	0.108852	0.0009717471	0.202924	0.040091	0.048012	0.708973
candidate	0.364440	0.108257	0.0008446401	0.197710	0.036243	0.042887	0.723160
noncandidate	0.346134	0.104857	0.0009943855	0.210199	0.052181	0.065134	0.672486
candidate	0.401120	0.120081	0.0007139925	0.193727	0.067844	0.091596	0.646834
noncandidate	0.336907	0.101947	0.0010073764	0.210912	0.042368	0.050879	0.695841
candidate	0.434016	0.130554	0.0007167845	0.184226	0.066068	0.089755	0.659951
noncandidate	0.362215	0.110509	0.0026000007	0.205684	0.047246	0.058099	0.688971
candidate	0.481685	0.145191	0.0007828058	0.166493	0.045049	0.057238	0.731221
noncandidate	0.327289	0.098683	0.0009688313	0.212554	0.039602	0.046980	0.700864
candidate	0.394117	0.117217	0.0008579322	0.192998	0.057528	0.074675	0.674800
noncandidate	0.345160	0.104858	0.0024026275	0.209829	0.045833	0.055844	0.688495
candidate	0.412011	0.123577	0.0006159921	0.193897	0.090126	0.131863	0.584114
noncandidate	0.315031	0.094454	0.0010304583	0.215924	0.043614	0.052423	0.688038
candidate	0.352681	0.104327	0.0007604026	0.208626	0.083898	0.117575	0.589902
noncandidate	0.384058	0.117427	0.0009471236	0.198435	0.042178	0.051143	0.708245
candidate	0.404449	0.121104	0.0007278616	0.194846	0.082029	0.116505	0.606620
noncandidate	0.364658	0.110669	0.0009737298	0.205032	0.053088	0.066834	0.675047
candidate	0.383268	0.113599	0.0009157253	0.193200	0.043996	0.054015	0.708790
noncandidate	0.330282	0.100544	0.0024622601	0.215364	0.048678	0.059681	0.676277
candidate	0.546938	0.167307	0.0007074568	0.150115	0.054682	0.074600	0.720602
noncandidate	0.369586	0.112440	0.0009147802	0.200643	0.035799	0.042186	0.721373
candidate	0.405995	0.120672	0.0008363453	0.188216	0.051312	0.065301	0.695171
noncandidate	0.364056	0.110020	0.0009639227	0.202469	0.042865	0.051941	0.702725
candidate	0.415629	0.124116	0.0007800903	0.185554	0.048045	0.060484	0.705917
noncandidate	0.358756	0.109034	0.0009801230	0.205944	0.046723	0.057324	0.690009
candidate	0.445937	0.133818	0.0007091996	0.179016	0.058828	0.078158	0.683998
noncandidate	0.345168	0.105153	0.0024093039	0.210126	0.044487	0.053905	0.691482
candidate	0.419500	0.125741	0.0006813898	0.188256	0.067395	0.091515	0.652834
noncandidate	0.340581	0.103420	0.0010074338	0.212239	0.051409	0.063862	0.672490
candidate	0.375053	0.110413	0.0009378135	0.191986	0.032025	0.037367	0.738622
noncandidate	0.375907	0.114494	0.0009569426	0.202725	0.055684	0.070979	0.670612
candidate	0.312366	0.091459	0.0009607550	0.213090	0.050036	0.061784	0.675090
noncandidate	0.353218	0.107337	0.0009871695	0.207332	0.045229	0.055096	0.692344
candidate	0.393073	0.117548	0.0009102313	0.190132	0.035113	0.041598	0.733157
noncandidate	0.361784	0.109537	0.0009698493	0.204448	0.047658	0.058767	0.689127
candidate	0.435062	0.130481	0.0008478415	0.182476	0.060188	0.080039	0.677298
noncandidate	0.356975	0.108119	0.0009794580	0.206966	0.052930	0.066466	0.673638
candidate	0.426094	0.127848	0.0007842914	0.184671	0.056430	0.073672	0.685227
noncandidate	0.362182	0.110369	0.0009786696	0.205760	0.048549	0.060003	0.685688
candidate	0.359987	0.106504	0.0007875201	0.204421	0.070447	0.094715	0.630416
noncandidate	0.333275	0.100177	0.0010054549	0.212407	0.051389	0.063822	0.672382
candidate	0.410895	0.123031	0.0008841667	0.187275	0.046975	0.058758	0.706992
noncandidate	0.319474	0.096479	0.0027460414	0.216112	0.044071	0.053058	0.686759
candidate	0.447079	0.133606	0.0007399078	0.177922	0.058523	0.077771	0.685785
noncandidate	0.343566	0.104108	0.0009980576	0.210328	0.048372	0.059497	0.681803
candidate	0.436493	0.131274	0.0007319366	0.184046	0.070124	0.096830	0.648999
noncandidate	0.323238	0.097930	0.0009779405	0.213802	0.034976	0.040698	0.710525
candidate	0.412823	0.122746	0.0008738929	0.185767	0.048747	0.061539	0.703947
noncandidate	0.352972	0.107032	0.0009886099	0.206543	0.042980	0.051924	0.698554
candidate	0.470477	0.141742	0.0007637418	0.171594	0.055341	0.073189	0.699876
noncandidate	0.331548	0.099969	0.0010130370	0.212530	0.045946	0.055879	0.685645
candidate	0.389647	0.116226	0.0008149450	0.192543	0.044500	0.054785	0.708171
noncandidate	0.358318	0.108767	0.0009807762	0.205530	0.045124	0.055031	0.694314
candidate	0.401927	0.119357	0.0008906977	0.190038	0.055625	0.071907	0.682430
noncandidate	0.444593	0.137908	0.0008673063	0.184154	0.052864	0.068039	0.694943
candidate	0.436202	0.130005	0.0007031267	0.180578	0.057361	0.075580	0.686481
noncandidate	0.372326	0.113448	0.0009629069	0.203244	0.051978	0.065270	0.679508
candidate	0.373946	0.110772	0.0008913449	0.197738	0.054082	0.068873	0.679307
noncandidate	0.356466	0.108173	0.0009821331	0.207463	0.052697	0.066082	0.673758
candidate	0.386689	0.115129	0.0007466552	0.196036	0.061143	0.080212	0.662609
noncandidate	0.329029	0.098921	0.0010152204	0.213360	0.049372	0.060797	0.676471
candidate	0.291346	0.084969	0.0008567087	0.220650	0.061970	0.079374	0.638006
noncandidate	0.305351	0.091467	0.0010455234	0.219150	0.046091	0.055785	0.678974
candidate	0.319164	0.093767	0.0009366087	0.209885	0.040427	0.048214	0.701474
noncandidate	0.368465	0.112539	0.0009700652	0.205991	0.058097	0.074481	0.661431
candidate	0.342356	0.100785	0.0009783770	0.202880	0.037800	0.044842	0.714478
noncandidate	0.355229	0.107652	0.0009826879	0.206854	0.048807	0.060323	0.684016
candidate	0.326825	0.095583	0.0010008953	0.208198	0.048000	0.059067	0.684735
noncandidate	0.318432	0.095997	0.0009838639	0.215553	0.041282	0.049188	0.693977
candidate	0.407780	0.121572	0.0008279061	0.185981	0.039271	0.047563	0.727185
noncandidate	0.355866	0.108393	0.0009881991	0.206870	0.044665	0.054308	0.694157
candidate	0.358112	0.105323	0.0009453367	0.201988	0.059063	0.076333	0.662616
noncandidate	0.322709	0.097153	0.0010256641	0.213699	0.039932	0.047394	0.698974
candidate	0.401354	0.119623	0.0007501271	0.192058	0.062820	0.083365	0.661757
noncandidate	0.321550	0.096962	0.0010288856	0.217495	0.056063	0.070514	0.655929
candidate	0.426089	0.127004	0.0022857421	0.183460	0.056446	0.073812	0.686281
noncandidate	0.302523	0.090856	0.0010534666	0.219255	0.039655	0.046828	0.694262
candidate	0.379416	0.112547	0.0008840869	0.193632	0.039540	0.047615	0.719214
noncandidate	0.352241	0.106381	0.0009822810	0.207159	0.049174	0.060846	0.682821
candidate	0.414814	0.124275	0.0007037484	0.189209	0.064854	0.087079	0.658859
noncandidate	0.367725	0.111889	0.0009653971	0.203539	0.047388	0.058421	0.690652
