candidate	0.378552	0.112758	0.0007876311	0.198437	0.060219	0.078492	0.662852
noncandidate	0.358470	0.108225	0.0009729848	0.205371	0.050157	0.062407	0.682065
candidate	0.302750	0.088825	0.0008818441	0.218868	0.063999	0.082710	0.634423
noncandidate	0.366452	0.112290	0.0023446371	0.206274	0.052812	0.066334	0.674580
candidate	0.397646	0.118173	0.0009002654	0.194031	0.071533	0.097892	0.636543
noncandidate	0.374215	0.114081	0.0009602992	0.202891	0.052710	0.066404	0.677996
candidate	0.367580	0.108914	0.0008308326	0.198310	0.046509	0.057416	0.697765
noncandidate	0.337541	0.101822	0.0010078487	0.211435	0.049286	0.060775	0.678503
candidate	0.419246	0.123987	0.0008631592	0.184809	0.059997	0.079474	0.675720
noncandidate	0.368262	0.111757	0.0009643608	0.203657	0.051671	0.064781	0.679891
candidate	0.464226	0.140371	0.0006921563	0.174112	0.055359	0.072960	0.697568
noncandidate	0.354304	0.107599	0.0009378821	0.205656	0.039104	0.046540	0.708700
candidate	0.381742	0.113414	0.0007663009	0.200269	0.081445	0.114515	0.603771
noncandidate	0.363641	0.110319	0.0009742339	0.204144	0.047008	0.057833	0.691015
candidate	0.426608	0.127804	0.0007404831	0.186502	0.070764	0.097600	0.645134
noncandidate	0.369753	0.111915	0.0009636237	0.202596	0.051169	0.064092	0.682143
candidate	0.439667	0.132215	0.0007620331	0.182143	0.064127	0.086700	0.667030
noncandidate	0.322082	0.096866	0.0010224819	0.213990	0.041453	0.049483	0.695075
candidate	0.378936	0.111684	0.0009161529	0.194631	0.050339	0.063358	0.691672
noncandidate	0.360660	0.109621	0.0009772877	0.206428	0.052375	0.065663	0.675535
candidate	0.418801	0.125144	0.0014154107	0.184841	0.048773	0.061642	0.704745
noncandidate	0.385697	0.117800	0.0009449088	0.198755	0.047575	0.058963	0.694706
candidate	0.373129	0.110865	0.0008432565	0.201431	0.071482	0.096838	0.630248
noncandidate	0.340583	0.103236	0.0026707490	0.211139	0.047783	0.058596	0.682482
candidate	0.408032	0.122081	0.0007766106	0.189004	0.052582	0.067210	0.691204
noncandidate	0.367876	0.112115	0.0009678810	0.205265	0.055359	0.070289	0.669086
candidate	0.395075	0.116915	0.0008093638	0.193598	0.068703	0.093075	0.644624
noncandidate	0.325966	0.098048	0.0010180970	0.215182	0.053604	0.066956	0.664258
candidate	0.385185	0.114156	0.0008243312	0.195727	0.061639	0.081048	0.661586
noncandidate	0.399372	0.121800	0.0009206821	0.195081	0.052100	0.066014	0.686805
candidate	0.435289	0.129908	0.0007917517	0.181370	0.059047	0.078269	0.681314
noncandidate	0.295729	0.088813	0.0010094841	0.220223	0.034555	0.039978	0.705244
candidate	0.359820	0.106547	0.0009536466	0.200692	0.047410	0.058610	0.693289
noncandidate	0.383695	0.116741	0.0025055359	0.198476	0.046943	0.058046	0.696535
candidate	0.384117	0.113941	0.0008778932	0.193529	0.046324	0.057413	0.702734
noncandidate	0.332335	0.100387	0.0010120316	0.213634	0.051076	0.063287	0.672003
candidate	0.401536	0.119180	0.0007762201	0.191534	0.064587	0.086363	0.657516
noncandidate	0.379163	0.115414	0.0009530875	0.199991	0.046846	0.057819	0.695343
candidate	0.440565	0.133227	0.0018643689	0.179524	0.044721	0.055861	0.719894
noncandidate	0.344125	0.103804	0.0009951806	0.209594	0.050230	0.062267	0.677909
candidate	0.413640	0.123405	0.0008348530	0.186624	0.051590	0.065851	0.695934
noncandidate	0.352650	0.106625	0.0009819872	0.207588	0.050937	0.063435	0.678041
candidate	0.389580	0.115764	0.0007203020	0.193314	0.052475	0.066720	0.687491
noncandidate	0.341943	0.103048	0.0010046253	0.209976	0.049723	0.061497	0.678804
candidate	0.396572	0.117095	0.0008935401	0.192505	0.067176	0.090612	0.649707
noncandidate	0.340628	0.102829	0.0026596847	0.210605	0.049392	0.060976	0.679027
candidate	0.344936	0.101474	0.0009232830	0.202969	0.042745	0.051747	0.702540
noncandidate	0.341832	0.103560	0.0010027974	0.210219	0.045270	0.055019	0.689492
candidate	0.466488	0.141616	0.0007223387	0.174461	0.057758	0.076879	0.690903
noncandidate	0.361652	0.109645	0.0009733125	0.205634	0.052411	0.065769	0.676187
candidate	0.508666	0.154575	0.0005940493	0.163281	0.069707	0.099447	0.667566
noncandidate	0.349921	0.105940	0.0009926046	0.209739	0.056750	0.072105	0.661406
candidate	0.346309	0.101224	0.0009005112	0.206638	0.073330	0.099338	0.620693
noncandidate	0.322624	0.097062	0.0010270657	0.214472	0.044332	0.053495	0.687701
candidate	0.410671	0.123031	0.0007140995	0.189981	0.061792	0.081888	0.666339
noncandidate	0.330146	0.099553	0.0010173764	0.212893	0.045548	0.055293	0.686266
candidate	0.305193	0.088890	0.0008092782	0.220734	0.090407	0.127319	0.561540
noncandidate	0.337628	0.102107	0.0029082256	0.212331	0.051857	0.064522	0.671290
candidate	0.322135	0.094586	0.0009009388	0.213462	0.065291	0.085259	0.635988
noncandidate	0.361002	0.109143	0.0009703174	0.204746	0.049477	0.061434	0.684343
candidate	0.501329	0.152276	0.0018293368	0.163064	0.053685	0.071360	0.711891
noncandidate	0.358437	0.108785	0.0009815171	0.206544	0.050858	0.063381	0.679216
candidate	0.369856	0.109635	0.0008339608	0.201037	0.065572	0.086956	0.646435
noncandidate	0.326513	0.099042	0.0009770919	0.212886	0.034199	0.039693	0.713221
candidate	0.449915	0.136092	0.0007851643	0.179931	0.063741	0.086317	0.670012
noncandidate	0.343512	0.103904	0.0010014667	0.210261	0.049850	0.061669	0.678221
candidate	0.308135	0.090679	0.0008442759	0.218065	0.065065	0.084476	0.632394
noncandidate	0.380430	0.115776	0.0009491249	0.200662	0.052830	0.066740	0.679768
candidate	0.368861	0.108270	0.0009295296	0.197217	0.052268	0.066120	0.684395
noncandidate	0.383669	0.116824	0.0009438144	0.199126	0.049318	0.061532	0.690024
candidate	0.453520	0.136847	0.0006684113	0.179170	0.068894	0.095374	0.656562
noncandidate	0.380340	0.115751	0.0009486172	0.199609	0.046927	0.057959	0.695505
candidate	0.412151	0.122940	0.0007897157	0.187133	0.052116	0.066630	0.694121
noncandidate	0.376986	0.114926	0.0009578832	0.202137	0.053278	0.067320	0.677265
candidate	0.308381	0.089955	0.0010124744	0.212757	0.046114	0.056109	0.685020
noncandidate	0.321530	0.097378	0.0009807244	0.214534	0.036306	0.042450	0.706711
candidate	0.284252	0.082960	0.0025228642	0.222596	0.060424	0.076825	0.640155
noncandidate	0.330337	0.099651	0.0010159567	0.214501	0.053928	0.067486	0.664085
candidate	0.427681	0.127995	0.0008154713	0.182209	0.047601	0.060037	0.710153
noncandidate	0.366709	0.111708	0.0009692273	0.202782	0.040735	0.048918	0.707565
candidate	0.468270	0.140758	0.0008038319	0.173449	0.065206	0.089713	0.671632
noncandidate	0.353338	0.107215	0.0009912102	0.209016	0.056065	0.071104	0.663815
candidate	0.456468	0.137063	0.0007210001	0.175339	0.055377	0.072867	0.696417
noncandidate	0.391213	0.119608	0.0009360705	0.197635	0.049688	0.062179	0.690499
candidate	0.342667	0.100625	0.0009864437	0.203215	0.042344	0.051167	0.703273
noncandidate	0.337813	0.102057	0.0010072252	0.211678	0.049403	0.060933	0.677985
candidate	0.407630	0.121715	0.0008045751	0.190110	0.060504	0.079758	0.669629
noncandidate	0.301269	0.090626	0.0010548452	0.221849	0.049019	0.059850	0.669282
candidate	0.411085	0.122245	0.0008786218	0.187966	0.058286	0.076358	0.677390
noncandidate	0.345601	0.104541	0.0009955223	0.208884	0.045919	0.056014	0.689183
candidate	0.451948	0.135070	0.0007857972	0.175658	0.053676	0.070077	0.700590
noncandidate	0.336336	0.102426	0.0024409354	0.212229	0.041754	0.049969	0.696048
candidate	0.432907	0.129504	0.0008637781	0.181532	0.053190	0.068774	0.696504
noncandidate	0.353401	0.107059	0.0009851145	0.208185	0.053362	0.067039	0.671415
candidate	0.364439	0.107669	0.0027260215	0.200782	0.058531	0.075593	0.665094
noncandidate	0.386919	0.117872	0.0009426190	0.197255	0.044195	0.054098	0.704452
candidate	0.332573	0.097299	0.0009689659	0.207095	0.050816	0.063285	0.678804
noncandidate	0.373665	0.113753	0.0009567113	0.202100	0.048954	0.060811	0.688135
candidate	0.392234	0.116151	0.0009090608	0.189203	0.038112	0.045789	0.726896
noncandidate	0.324725	0.097948	0.0009696566	0.213731	0.041168	0.049097	0.696004
candidate	0.328196	0.096513	0.0008943345	0.212616	0.069284	0.091854	0.626246
noncandidate	0.325120	0.097851	0.0010226469	0.215388	0.052665	0.065543	0.666404
candidate	0.372424	0.110753	0.0007037913	0.201432	0.069168	0.092911	0.636490
noncandidate	0.337730	0.102089	0.0010079122	0.210516	0.042696	0.051356	0.695432
candidate	0.404029	0.119886	0.0008990322	0.188372	0.050528	0.064081	0.697019
noncandidate	0.342215	0.103832	0.0010039221	0.211258	0.049726	0.061430	0.677587
candidate	0.340392	0.100278	0.0009309959	0.210451	0.076527	0.104332	0.608690
noncandidate	0.356984	0.108829	0.0023674858	0.206280	0.042696	0.051533	0.699492
candidate	0.357256	0.105926	0.0008075831	0.205520	0.069493	0.092983	0.632005
noncandidate	0.405368	0.124261	0.0009187390	0.192630	0.043757	0.053697	0.709917
candidate	0.383548	0.114604	0.0023902894	0.192875	0.035409	0.041910	0.729806
noncandidate	0.350928	0.106372	0.0009894548	0.209320	0.054806	0.069155	0.666719
candidate	0.424608	0.127271	0.0006797556	0.187430	0.072309	0.100188	0.640073
noncandidate	0.343724	0.104637	0.0024128568	0.210615	0.045473	0.055291	0.688621
candidate	0.385940	0.114294	0.0009111669	0.191972	0.042579	0.052023	0.713426
noncandidate	0.345975	0.104765	0.0009920189	0.207659	0.039258	0.046680	0.706403
candidate	0.350402	0.103289	0.0008130265	0.202051	0.044417	0.054182	0.699350
noncandidate	0.332375	0.100196	0.0010121656	0.213428	0.052247	0.065038	0.669287
candidate	0.444464	0.134057	0.0007404873	0.178768	0.049524	0.063243	0.708465
noncandidate	0.388548	0.118940	0.0009413321	0.198756	0.050027	0.062618	0.688598
candidate	0.388461	0.114997	0.0007997665	0.193835	0.057488	0.074537	0.674140
noncandidate	0.335264	0.101217	0.0010099856	0.212296	0.049306	0.060758	0.677640
candidate	0.433450	0.129396	0.0007205579	0.185738	0.084651	0.123138	0.606472
noncandidate	0.346520	0.104611	0.0009949517	0.209347	0.051969	0.064871	0.673813
candidate	0.481833	0.144808	0.0014080210	0.166456	0.047833	0.061578	0.724133
noncandidate	0.366715	0.111287	0.0009667175	0.200936	0.035306	0.041510	0.722248
candidate	0.468496	0.140385	0.0006763414	0.173896	0.072360	0.102447	0.651297
noncandidate	0.355881	0.108399	0.0009841182	0.206133	0.040953	0.049089	0.703825
candidate	0.325493	0.095647	0.0031501205	0.209246	0.046882	0.057386	0.686486
noncandidate	0.300062	0.089753	0.0010515367	0.220018	0.043954	0.052735	0.683292
candidate	0.417182	0.124400	0.0008268690	0.182951	0.038071	0.045993	0.732986
noncandidate	0.377463	0.115312	0.0009549141	0.200618	0.043764	0.053311	0.702307
candidate	0.374531	0.110870	0.0008090286	0.194371	0.037866	0.045243	0.722521
noncandidate	0.361283	0.109599	0.0009772088	0.205340	0.049562	0.061525	0.683574
candidate	0.385441	0.114376	0.0026475607	0.195837	0.061851	0.081383	0.660929
noncandidate	0.374225	0.113909	0.0009594859	0.200793	0.043128	0.052391	0.703688
candidate	0.445210	0.134290	0.0007049000	0.183302	0.080246	0.115320	0.621132
noncandidate	0.317630	0.095421	0.0009764397	0.215016	0.041002	0.048821	0.695161
candidate	0.387640	0.115373	0.0008228997	0.195227	0.058367	0.075817	0.670589
noncandidate	0.371022	0.113053	0.0009638616	0.204185	0.054949	0.069736	0.671130
candidate	0.396495	0.118308	0.0008658344	0.192359	0.054536	0.069997	0.683108
noncandidate	0.363992	0.110090	0.0009665466	0.203378	0.046659	0.057363	0.692600
candidate	0.395896	0.117834	0.0009106836	0.189219	0.039059	0.047122	0.724599
noncandidate	0.374539	0.114436	0.0009656498	0.201269	0.042331	0.051234	0.705167
candidate	0.502783	0.153152	0.0007595607	0.162284	0.048761	0.063412	0.725542
noncandidate	0.357193	0.108430	0.0009827358	0.206400	0.047820	0.058899	0.686882
candidate	0.283577	0.081852	0.0010455445	0.221216	0.064488	0.083285	0.631010
noncandidate	0.338034	0.103149	0.0024395446	0.212364	0.043012	0.051724	0.692899
candidate	0.384536	0.114494	0.0008370726	0.197855	0.068246	0.091779	0.642121
noncandidate	0.350564	0.106143	0.0026273930	0.206289	0.039734	0.047388	0.706590
candidate	0.416772	0.124569	0.0007856584	0.186649	0.055357	0.071774	0.686221
noncandidate	0.354118	0.107383	0.0009833170	0.206875	0.046467	0.056905	0.689753
candidate	0.226215	0.065431	0.0009964929	0.235144	0.046716	0.055997	0.662142
noncandidate	0.347461	0.105105	0.0009927030	0.209985	0.054858	0.069189	0.665969
candidate	0.458332	0.138271	0.0006865492	0.179578	0.082689	0.120682	0.617052
noncandidate	0.382915	0.116444	0.0009474624	0.200294	0.055899	0.071500	0.672307
candidate	0.353200	0.104356	0.0008510850	0.201274	0.042388	0.051315	0.705023
noncandidate	0.330010	0.099483	0.0010157471	0.213849	0.050640	0.062631	0.672880
candidate	0.464363	0.140564	0.0017868480	0.172917	0.047649	0.060778	0.718656
noncandidate	0.302546	0.090398	0.0010536612	0.221349	0.056033	0.070216	0.652401
candidate	0.376091	0.111841	0.0008788982	0.196213	0.045293	0.055748	0.702746
noncandidate	0.328179	0.098878	0.0010208511	0.214175	0.049986	0.061652	0.674187
candidate	0.333722	0.098185	0.0009763326	0.203411	0.028849	0.032941	0.734799
noncandidate	0.374376	0.113382	0.0009528936	0.201353	0.051494	0.064663	0.682489
candidate	0.374777	0.112065	0.0007287494	0.198371	0.049245	0.061470	0.690914
noncandidate	0.356655	0.108025	0.0009814606	0.206699	0.050897	0.063429	0.678976
candidate	0.406565	0.121032	0.0008487646	0.186945	0.043737	0.053970	0.715349
noncandidate	0.351192	0.106290	0.0009875507	0.206728	0.043076	0.052052	0.698144
candidate	0.364684	0.108312	0.0007215691	0.203991	0.072073	0.097525	0.626412
noncandidate	0.330610	0.099884	0.0010199490	0.215058	0.055746	0.070196	0.659000
candidate	0.425217	0.126671	0.0008686411	0.183213	0.053628	0.069325	0.693834
noncandidate	0.325890	0.098225	0.0010224420	0.214233	0.046254	0.056241	0.683273
candidate	0.327205	0.096046	0.0009430307	0.211130	0.060795	0.078300	0.649774
noncandidate	0.368149	0.112038	0.0009680310	0.203678	0.048638	0.060252	0.687432
candidate	0.314077	0.091798	0.0018126633	0.212710	0.052682	0.065730	0.668878
noncandidate	0.376875	0.114911	0.0009528310	0.201661	0.050293	0.062836	0.685209
candidate	0.324908	0.095240	0.0008337771	0.212147	0.064443	0.084016	0.639394
noncandidate	0.362566	0.110168	0.0009746773	0.206002	0.053578	0.067513	0.672907
candidate	0.353878	0.104241	0.0009416537	0.202571	0.053451	0.067555	0.676423
noncandidate	0.368417	0.111674	0.0009619325	0.201755	0.043052	0.052239	0.702954
candidate	0.431955	0.128451	0.0008503810	0.183355	0.069220	0.095342	0.652083
noncandidate	0.346158	0.104804	0.0009983821	0.209812	0.050762	0.063043	0.676384
candidate	0.467169	0.141799	0.0006931023	0.176083	0.069962	0.097746	0.656208
noncandidate	0.380206	0.115529	0.0009450529	0.199249	0.046389	0.057190	0.697171
candidate	0.437000	0.130930	0.0007611947	0.184317	0.077598	0.110228	0.627857
noncandidate	0.398547	0.122033	0.0009267429	0.195352	0.048103	0.059947	0.696598
candidate	0.407496	0.121311	0.0008847734	0.189009	0.056848	0.073945	0.680199
noncandidate	0.352165	0.106315	0.0009835771	0.209119	0.060403	0.077848	0.652630
candidate	0.342291	0.100756	0.0008866181	0.210435	0.081316	0.112695	0.595553
noncandidate	0.363719	0.109975	0.0009675500	0.202888	0.043975	0.053507	0.699630
candidate	0.415742	0.124559	0.0007172330	0.191078	0.079197	0.111978	0.617747
noncandidate	0.388525	0.118842	0.0009406460	0.198270	0.048139	0.059827	0.693763
candidate	0.433251	0.129765	0.0008569722	0.181447	0.052087	0.067039	0.699428
noncandidate	0.288772	0.086540	0.0010137139	0.221316	0.032029	0.036665	0.709990
candidate	0.474994	0.143955	0.0007979557	0.171209	0.055582	0.073626	0.699583
noncandidate	0.323835	0.097875	0.0010277699	0.215012	0.044145	0.053208	0.687635
candidate	0.382570	0.112707	0.0026407927	0.195914	0.065281	0.087029	0.651776
noncandidate	0.331581	0.099939	0.0010160556	0.213288	0.050385	0.062288	0.674039
candidate	0.416945	0.124505	0.0008731548	0.185975	0.052671	0.067588	0.693766
noncandidate	0.362199	0.110152	0.0009765777	0.204158	0.042313	0.051083	0.702445
