candidate	0.647453	0.209503	0.0029175742	0.129354	0.097872	0.170923	0.601851
noncandidate	0.306587	0.098984	0.0011278253	0.237450	0.058332	0.072662	0.631557
candidate	0.401938	0.127573	0.0054049311	0.203157	0.061651	0.080359	0.654833
noncandidate	0.297510	0.095880	0.0011419073	0.239816	0.057336	0.071043	0.631805
candidate	0.399819	0.129306	0.0061581834	0.210969	0.084908	0.119012	0.585111
noncandidate	0.293717	0.094549	0.0011456005	0.241143	0.059240	0.073792	0.625825
candidate	0.572436	0.186052	0.0007423392	0.156060	0.098634	0.160346	0.584961
noncandidate	0.308461	0.099766	0.0011265438	0.237003	0.057069	0.070811	0.635117
candidate	0.431503	0.138818	0.0024437377	0.196950	0.065324	0.086987	0.650738
noncandidate	0.293829	0.094513	0.0011439689	0.240343	0.056093	0.069185	0.634378
candidate	0.540412	0.177557	0.0042996036	0.165076	0.072652	0.104599	0.657673
noncandidate	0.297222	0.095677	0.0011399099	0.240278	0.060755	0.076116	0.622851
candidate	0.505714	0.162811	0.0008574838	0.175880	0.088237	0.132340	0.603542
noncandidate	0.307910	0.099471	0.0011265788	0.236902	0.056977	0.070680	0.635441
candidate	0.428890	0.138081	0.0027516966	0.203177	0.102896	0.154539	0.539388
noncandidate	0.308809	0.099677	0.0011258622	0.236709	0.058558	0.073044	0.631689
candidate	0.537884	0.174812	0.0031927624	0.164955	0.077069	0.113024	0.644951
noncandidate	0.299993	0.096811	0.0011373469	0.240341	0.062928	0.079403	0.617328
candidate	0.496301	0.164698	0.0038603424	0.177721	0.046894	0.059268	0.716117
noncandidate	0.318963	0.103238	0.0011092491	0.234457	0.061047	0.076941	0.627555
candidate	0.394801	0.126037	0.0010056487	0.202596	0.038356	0.045618	0.713430
noncandidate	0.294900	0.095016	0.0011442655	0.240879	0.058760	0.073094	0.627267
candidate	0.449538	0.142373	0.0009574738	0.191162	0.084954	0.122618	0.601266
noncandidate	0.298087	0.096189	0.0011403586	0.239644	0.055862	0.068884	0.635610
candidate	0.439838	0.139690	0.0009393068	0.188810	0.046980	0.058669	0.705541
noncandidate	0.308593	0.099629	0.0011239675	0.236519	0.056885	0.070566	0.636029
candidate	0.463482	0.151013	0.0021581518	0.190215	0.075271	0.105032	0.629482
noncandidate	0.303716	0.097997	0.0011319153	0.238313	0.058681	0.073130	0.629876
candidate	0.424776	0.136727	0.0034881983	0.202777	0.090112	0.130020	0.577090
noncandidate	0.287666	0.092495	0.0011564253	0.242322	0.056418	0.069552	0.631708
candidate	0.455122	0.146404	0.0009464179	0.187740	0.056017	0.072730	0.683513
noncandidate	0.293267	0.094500	0.0011453009	0.241394	0.058540	0.072737	0.627329
candidate	0.465255	0.152423	0.0035150180	0.183911	0.036335	0.043513	0.736241
noncandidate	0.305858	0.098749	0.0011284476	0.237462	0.057112	0.070847	0.634579
candidate	0.389202	0.125008	0.0035604732	0.211413	0.071550	0.095756	0.621281
noncandidate	0.297798	0.096084	0.0011418391	0.239673	0.055665	0.068593	0.636069
candidate	0.408074	0.127893	0.0009655103	0.200654	0.071332	0.096679	0.631336
noncandidate	0.302451	0.097398	0.0011299315	0.238305	0.058816	0.073332	0.629547
candidate	0.515034	0.166352	0.0053717353	0.175606	0.115246	0.189225	0.519923
noncandidate	0.313822	0.101467	0.0011168984	0.235628	0.059511	0.074541	0.630320
candidate	0.396008	0.126025	0.0044638724	0.209584	0.087478	0.123897	0.579042
noncandidate	0.305958	0.098877	0.0011312060	0.238030	0.059158	0.073860	0.628952
candidate	0.395428	0.126632	0.0041158108	0.207701	0.065095	0.085493	0.641710
noncandidate	0.295216	0.095109	0.0011437520	0.240478	0.057288	0.070935	0.631298
candidate	0.518871	0.171121	0.0008489782	0.172132	0.064330	0.088365	0.675174
noncandidate	0.300390	0.096778	0.0011351533	0.239277	0.059881	0.074866	0.625976
candidate	0.453043	0.148273	0.0057485369	0.190349	0.051114	0.064839	0.693698
noncandidate	0.300935	0.097085	0.0011369510	0.239308	0.059338	0.074051	0.627302
candidate	0.525444	0.169199	0.0043511456	0.166751	0.071243	0.101659	0.660347
noncandidate	0.300683	0.096868	0.0011379511	0.239166	0.059853	0.074832	0.626149
candidate	0.451064	0.144763	0.0008893175	0.186899	0.046128	0.057513	0.709459
noncandidate	0.295570	0.095329	0.0011442288	0.240344	0.055821	0.068785	0.635050
candidate	0.450359	0.145004	0.0045261028	0.187678	0.047130	0.058966	0.706226
noncandidate	0.297703	0.096000	0.0011406777	0.240084	0.058360	0.072546	0.629010
candidate	0.424083	0.135412	0.0009985542	0.202475	0.095888	0.141049	0.560588
noncandidate	0.295799	0.095331	0.0011418386	0.240715	0.059134	0.073661	0.626490
candidate	0.435169	0.140205	0.0009229131	0.191749	0.040756	0.049419	0.718075
noncandidate	0.325662	0.105527	0.0011015842	0.232249	0.059597	0.074889	0.633264
candidate	0.541093	0.175458	0.0007898489	0.159660	0.049171	0.064315	0.726854
noncandidate	0.293436	0.094516	0.0011466347	0.241238	0.058503	0.072690	0.627570
candidate	0.385261	0.122749	0.0010525742	0.212001	0.076293	0.103727	0.607978
noncandidate	0.303914	0.098037	0.0011285876	0.238081	0.058078	0.072245	0.631596
candidate	0.391348	0.125714	0.0009891671	0.203687	0.032450	0.037619	0.726244
noncandidate	0.309628	0.100077	0.0011228894	0.237379	0.062014	0.078214	0.622392
candidate	0.387961	0.122879	0.0027387961	0.203350	0.039112	0.046635	0.710902
noncandidate	0.299573	0.096546	0.0011379982	0.239489	0.059177	0.073799	0.627536
candidate	0.410567	0.132669	0.0035154490	0.202867	0.055069	0.070017	0.672048
noncandidate	0.312022	0.100788	0.0011222502	0.235639	0.057550	0.071605	0.635207
candidate	0.477008	0.152680	0.0042812777	0.182334	0.075158	0.106110	0.636397
noncandidate	0.303139	0.097625	0.0011284297	0.237713	0.056765	0.070320	0.635201
candidate	0.455836	0.146536	0.0026140289	0.192958	0.095136	0.141781	0.570124
noncandidate	0.282953	0.090923	0.0011599484	0.243057	0.053022	0.064589	0.639332
candidate	0.389400	0.124507	0.0045487824	0.212843	0.088630	0.125433	0.573094
noncandidate	0.308309	0.099624	0.0011269951	0.236888	0.057312	0.071178	0.634621
candidate	0.477587	0.152950	0.0009242396	0.185999	0.101711	0.156811	0.555479
noncandidate	0.291200	0.093865	0.0011520389	0.241868	0.057068	0.070533	0.630530
candidate	0.268361	0.081823	0.0011918983	0.242300	0.092466	0.127633	0.537601
noncandidate	0.307499	0.099269	0.0011274898	0.237116	0.058250	0.072560	0.632074
candidate	0.520219	0.172670	0.0045343846	0.176557	0.096807	0.149504	0.577132
noncandidate	0.294160	0.094730	0.0011441950	0.240741	0.057351	0.071013	0.630895
candidate	0.486996	0.160335	0.0032618339	0.180676	0.053477	0.069305	0.696541
noncandidate	0.300976	0.097128	0.0011368858	0.239021	0.057487	0.071312	0.632180
candidate	0.522307	0.168370	0.0039383250	0.167896	0.070357	0.099821	0.661926
noncandidate	0.305452	0.098564	0.0011306506	0.237669	0.058182	0.072424	0.631725
candidate	0.422287	0.133390	0.0009724253	0.201375	0.098659	0.146666	0.553300
noncandidate	0.298652	0.096302	0.0011383990	0.239548	0.057203	0.070863	0.632385
candidate	0.386959	0.124415	0.0010188432	0.210234	0.057870	0.073799	0.658097
noncandidate	0.297611	0.095869	0.0011397275	0.240086	0.059531	0.074292	0.626091
candidate	0.378843	0.121870	0.0068525477	0.215262	0.074583	0.100408	0.609746
noncandidate	0.298063	0.096140	0.0011415210	0.240046	0.058488	0.072739	0.628727
candidate	0.425023	0.135570	0.0026626206	0.196507	0.059515	0.077539	0.666438
noncandidate	0.317204	0.102624	0.0011116272	0.234688	0.059680	0.074856	0.630776
candidate	0.455862	0.149101	0.0023604014	0.195812	0.092536	0.136074	0.575577
noncandidate	0.293033	0.094399	0.0011469923	0.241154	0.057174	0.070729	0.630942
candidate	0.483904	0.158817	0.0054393807	0.183233	0.068073	0.093353	0.655342
noncandidate	0.299052	0.096505	0.0011403371	0.239312	0.055717	0.068689	0.636282
candidate	0.369602	0.118593	0.0046371889	0.209938	0.030493	0.034922	0.724646
noncandidate	0.314676	0.101704	0.0011177805	0.235634	0.061558	0.077639	0.625169
candidate	0.471240	0.155633	0.0062323263	0.190764	0.084206	0.121295	0.603735
noncandidate	0.305512	0.098740	0.0011297291	0.238185	0.059128	0.073806	0.628881
candidate	0.413438	0.130348	0.0009782609	0.198616	0.062308	0.081853	0.657223
noncandidate	0.298999	0.096327	0.0011373810	0.238731	0.054567	0.067039	0.639663
candidate	0.494776	0.158866	0.0034485639	0.171830	0.041769	0.051922	0.734480
noncandidate	0.325646	0.105399	0.0010991116	0.232380	0.061722	0.078115	0.627782
candidate	0.481421	0.156655	0.0006658789	0.174286	0.021266	0.023861	0.780587
noncandidate	0.314338	0.101709	0.0011159754	0.235414	0.058373	0.072846	0.633366
candidate	0.555018	0.183150	0.0007705667	0.159220	0.059052	0.080950	0.700778
noncandidate	0.288705	0.093041	0.0011546865	0.242233	0.054956	0.067424	0.635386
candidate	0.501516	0.161818	0.0008161152	0.170318	0.040429	0.050025	0.739228
noncandidate	0.286274	0.092120	0.0011564370	0.242957	0.056428	0.069533	0.631082
candidate	0.420338	0.135948	0.0060204426	0.199373	0.053654	0.068092	0.678881
noncandidate	0.298821	0.096384	0.0011384464	0.240012	0.059651	0.074475	0.625862
candidate	0.407944	0.129143	0.0009823201	0.201020	0.061486	0.080291	0.657203
noncandidate	0.294142	0.094523	0.0011400739	0.240745	0.059971	0.074910	0.624374
candidate	0.525722	0.166745	0.0007681193	0.168126	0.099281	0.157365	0.575228
noncandidate	0.299571	0.096629	0.0011381821	0.239069	0.055864	0.068918	0.636150
candidate	0.524598	0.170239	0.0077136881	0.171933	0.107676	0.174098	0.546293
noncandidate	0.318486	0.102839	0.0011098465	0.234564	0.063741	0.081061	0.620633
candidate	0.413249	0.130710	0.0010026424	0.198392	0.057010	0.073391	0.671207
noncandidate	0.315107	0.101868	0.0011155410	0.235476	0.061176	0.077068	0.626280
candidate	0.475430	0.149304	0.0008688579	0.184726	0.114286	0.183606	0.517383
noncandidate	0.291277	0.093650	0.0011464340	0.240616	0.053707	0.065695	0.639983
candidate	0.429673	0.133375	0.0009123674	0.191621	0.068960	0.093767	0.645652
noncandidate	0.301362	0.097241	0.0011353309	0.238756	0.056878	0.070427	0.633939
candidate	0.371138	0.120246	0.0009031338	0.210441	0.025678	0.028811	0.735071
noncandidate	0.303708	0.098127	0.0011325493	0.238519	0.058116	0.072276	0.631088
candidate	0.552200	0.184552	0.0019296039	0.158281	0.036761	0.045299	0.759658
noncandidate	0.312683	0.101003	0.0011177966	0.236300	0.062351	0.078802	0.622547
candidate	0.448318	0.144030	0.0041160543	0.193730	0.084169	0.120660	0.601441
noncandidate	0.303500	0.097870	0.0011295569	0.238420	0.059598	0.074495	0.627487
candidate	0.549389	0.181838	0.0007698152	0.160794	0.054023	0.072173	0.713010
noncandidate	0.294596	0.094899	0.0011460266	0.240786	0.057980	0.071941	0.629293
candidate	0.546078	0.179730	0.0009138673	0.159258	0.043324	0.055110	0.742308
noncandidate	0.295941	0.095281	0.0011418372	0.240263	0.058198	0.072294	0.629245
candidate	0.490778	0.158862	0.0032282164	0.182047	0.092336	0.138940	0.586677
noncandidate	0.296571	0.095441	0.0011405381	0.239284	0.054625	0.067096	0.638995
candidate	0.537097	0.177032	0.0026777380	0.163104	0.047499	0.061332	0.728066
noncandidate	0.302826	0.097768	0.0011338073	0.238971	0.059942	0.074977	0.626109
candidate	0.466360	0.151526	0.0086692976	0.188237	0.077224	0.108871	0.625668
noncandidate	0.308647	0.099663	0.0011235032	0.237224	0.060599	0.076079	0.626098
candidate	0.489749	0.158900	0.0009366951	0.183553	0.096489	0.146876	0.573082
noncandidate	0.314270	0.101615	0.0011174322	0.235804	0.061261	0.077175	0.625760
candidate	0.452534	0.149278	0.0038391533	0.193950	0.062020	0.081851	0.662179
noncandidate	0.295151	0.095021	0.0011445498	0.240438	0.057828	0.071735	0.629999
candidate	0.382522	0.120366	0.0010533383	0.211528	0.083838	0.117008	0.587625
noncandidate	0.291868	0.093928	0.0011472419	0.242070	0.061348	0.076894	0.619689
candidate	0.513617	0.168402	0.0008872432	0.176750	0.092422	0.140498	0.590330
noncandidate	0.299196	0.096473	0.0011376927	0.239512	0.058016	0.072068	0.630405
candidate	0.463457	0.149077	0.0033827060	0.186692	0.067712	0.092263	0.653333
noncandidate	0.301824	0.097372	0.0011353964	0.239072	0.059623	0.074493	0.626813
candidate	0.436215	0.139644	0.0009897076	0.197377	0.084129	0.119914	0.598580
noncandidate	0.299974	0.096741	0.0011392612	0.239273	0.057889	0.071895	0.630943
candidate	0.450836	0.145741	0.0037804050	0.194449	0.086996	0.125809	0.592746
noncandidate	0.300678	0.097084	0.0011362630	0.239691	0.059916	0.074892	0.625502
candidate	0.553470	0.180069	0.0037154960	0.159768	0.076869	0.113796	0.649567
noncandidate	0.315989	0.102293	0.0011155229	0.234925	0.058049	0.072392	0.634634
candidate	0.461219	0.148111	0.0055561639	0.184816	0.054372	0.070368	0.690444
noncandidate	0.308008	0.099468	0.0011270486	0.237247	0.059441	0.074334	0.628978
candidate	0.363043	0.113581	0.0009423013	0.211148	0.050783	0.062997	0.675073
noncandidate	0.298391	0.096187	0.0011386902	0.240466	0.062123	0.078172	0.619239
candidate	0.415061	0.132290	0.0033591660	0.205256	0.098876	0.146186	0.549682
noncandidate	0.307810	0.099317	0.0011252494	0.237133	0.059550	0.074503	0.628814
candidate	0.541512	0.176777	0.0008073005	0.163212	0.066430	0.093457	0.676902
noncandidate	0.304887	0.098385	0.0011305901	0.238242	0.060240	0.075471	0.626047
candidate	0.446841	0.146457	0.0009762227	0.193171	0.052041	0.066061	0.688726
noncandidate	0.298020	0.096015	0.0011406150	0.240036	0.059795	0.074690	0.625480
candidate	0.543357	0.175572	0.0008040995	0.164402	0.092856	0.144981	0.597761
noncandidate	0.293185	0.094503	0.0011489132	0.241188	0.056908	0.070335	0.631570
candidate	0.575006	0.189861	0.0017660263	0.156125	0.087121	0.135528	0.621227
noncandidate	0.303863	0.097916	0.0011311116	0.237661	0.057024	0.070706	0.634610
candidate	0.496584	0.162163	0.0008565737	0.177965	0.064213	0.087377	0.670446
noncandidate	0.303500	0.097954	0.0011318924	0.238373	0.058286	0.072537	0.630805
candidate	0.569474	0.185406	0.0007128157	0.155883	0.085705	0.132646	0.625766
noncandidate	0.297819	0.095895	0.0011391340	0.239566	0.057618	0.071475	0.631341
candidate	0.343669	0.108262	0.0036285731	0.217797	0.046536	0.056480	0.679187
noncandidate	0.298709	0.096188	0.0011359340	0.239398	0.058194	0.072339	0.630069
candidate	0.341983	0.107336	0.0010727611	0.216465	0.040508	0.048089	0.694938
noncandidate	0.281762	0.090459	0.0011611888	0.244314	0.058690	0.072788	0.624208
candidate	0.473645	0.153957	0.0029186351	0.183056	0.054182	0.070218	0.692543
noncandidate	0.303592	0.098017	0.0011322485	0.238609	0.059302	0.074040	0.628048
candidate	0.289945	0.090870	0.0011356059	0.230692	0.031750	0.036119	0.701439
noncandidate	0.325276	0.105533	0.0011040391	0.232622	0.059424	0.074603	0.633352
candidate	0.470685	0.151007	0.0026989379	0.176516	0.026572	0.030572	0.766340
noncandidate	0.288250	0.092816	0.0011542157	0.242673	0.057534	0.071175	0.628618
candidate	0.459562	0.148474	0.0008898341	0.184144	0.039964	0.048637	0.727255
noncandidate	0.306401	0.098914	0.0011284725	0.237951	0.060854	0.076416	0.624780
candidate	0.453354	0.145604	0.0009436040	0.194701	0.102681	0.156327	0.546291
noncandidate	0.298199	0.096195	0.0011401680	0.240107	0.058916	0.073372	0.627604
candidate	0.250676	0.077631	0.0012036102	0.245471	0.056942	0.070150	0.627437
noncandidate	0.301661	0.097325	0.0011369877	0.238783	0.057702	0.071646	0.631869
candidate	0.436440	0.138808	0.0009653046	0.196667	0.088315	0.127852	0.587165
noncandidate	0.299300	0.096601	0.0011397779	0.239669	0.057848	0.071810	0.630672
candidate	0.429509	0.138378	0.0010015175	0.202702	0.098407	0.145866	0.553025
noncandidate	0.311699	0.100697	0.0011211095	0.235806	0.057726	0.071856	0.634612
candidate	0.387113	0.124789	0.0009899220	0.209059	0.048851	0.060267	0.681823
noncandidate	0.306399	0.098899	0.0011281926	0.237929	0.060917	0.076512	0.624642
candidate	0.375244	0.117333	0.0010680814	0.207052	0.050094	0.062213	0.680641
noncandidate	0.292509	0.094056	0.0011480260	0.241154	0.058551	0.072767	0.627527
candidate	0.470827	0.150828	0.0009081710	0.186163	0.084720	0.123182	0.605935
noncandidate	0.287985	0.092502	0.0011505371	0.241610	0.054474	0.066756	0.637160
